31225742
31220040
31200369
31192103
31172730
31157149
31146081
31143263
31121605
31121370
31114508
31105074
31103754
31088766
31068193
31053299
31048604
31037935
31037344
31000982
30984504
30969250
30921207
30900733
30887219
30811266
30771050
30767783
30760656
30747696
30716122
30704535
30696677
30614840
30595846
30591227
30578443
30560034
30548059
30517997
30514048
30511178
30479250
30474324
30451782
30448987
30447453
30430192
30422463
30415666
30326695
30299485
30280076
30279741
30277981
30276094
30258823
30257296
30249375
30210963
30210959
30203100
30203096
30203034
30202904
30186271
30185004
30185002
30185001
30171021
30170144
30168760
30167741
30167347
30149154
30142856
30129318
30114542
30076428
30071341
30069534
30069531
30064028
30060372
30028332
30008109
29981633
29952989
29945008
29940722
29924040
29905430
29882444
29853785
29850260
29847416
29807180
29806436
29806413
29806367
29806307
29806306
29806075
29798647
29798565
29798528
29796371
29793535
29787879
29781783
29772857
29767314
29750137
29747052
29712534
29709750
29707551
29696149
29693471
29692935
29685417
29679136
29678706
29672175
29663146
29649091
29623406
29578877
29571167
29550593
29537960
29504820
29499742
29431298
29430607
29421977
29419715
29417778
29412065
29402261
29392289
29372136
29357411
29356907
29349095
29332029
29323806
29322211
29312318
29290537
29290375
29279800
29279755
29264338
29247322
29208863
29201299
29191468
29151568
29150315
29146435
29107721
29086094
29076763
29074467
29071409
29071375
29026669
29025606
29017495
28989844
28973104
28953708
28938147
28937458
28893205
28887282
28881529
28874967
28858187
28844175
28840673
28823938
28817960
28816871
28816869
28815163
28815159
28815158
28810608
28810568
28807432
28803178
28801863
28800928
28777064
28747177
28740054
28735766
28733847
28694593
28662833
28646453
28641907
28632547
28619021
28598858
28597299
28571219
28567222
28557903
28547575
28507775
28477991
28451482
28409669
28383409
28373079
28350952
28350943
28343026
28330796
28324212
28323718
28323710
28323709
28323555
28294142
28277467
28258287
28243383
28216750
28178133
28173564
28164114
28163505
28127724
28120091
28116508
28101655
28093624
28090452
28052039
28050455
28043420
28028789
28027506
28027145
28010624
27943230
27933476
27928629
27886879
27886875
27879575
27867025
27861250
27832360
27830346
27828664
27816708
27592182
27807778
27807775
27807770
27788683
27781189
27404850
27600011
29786365
27584674
27556200
27555919
27554351
27553389
27542623
27541493
27529133
27508346
27504058
27496720
29786230
27488620
27459323
27454538
29232775
29232774
27438561
27437620
27408503
27387358
27387197
27372945
27362771
27347242
27343731
27340713
27339484
27334493
27293284
29786267
27250728
27250357
27231834
27206067
27197020
27190734
29786299
27150525
27146654
27137153
27135451
27116190
27070845
27058457
27028069
27019893
26994520
26989542
26962417
26949469
26949452
26933621
26929802
26911124
26896762
26885223
26872515
26835205
26810978
26749738
26737146
26733523
26733521
28556653
26708397
26687751
26682598
26660549
26653269
26652869
26630415
26571155
26568074
26555841
26555187
26550197
26542870
26536444
26536442
26512280
26502522
26502352
26494617
26466479
26451663
26438172
26435776
26431072
26430591
26426292
26425158
26425157
26425156
26414835
26405006
26379913
26309652
26306404
26290091
26284373
26280721
26280588
26230541
26229171
26225284
26202101
26190344
26165219
26140041
26137481
28435606
26112245
26097844
26097659
26097649
26091158
26021660
26021565
26020848
26012933
26008679
25998181
25997042
25986668
25971847
25969819
25953527
25946722
25943081
25933705
25932230
25924505
25903942
25868104
25868093
25855667
25849624
25842559
25823125
25823123
25769251
25757843
25741043
25726564
25716661
25710414
25706642
25688302
25685576
25664090
25648401
25627991
25627918
25599849
25596485
25593358
25591299
25583235
25582580
25580332
25577916
25577601
25576045
25568402
25568388
25520827
25516448
25509775
25481244
25470243
25457338
25404768
25393665
25387608
25386720
25384403
25368766
25353208
25348505
25341990
25320208
25320199
25299207
25289154
25271071
25270229
25263584
25245890
25245505
25221477
25217246
25212447
25212446
25207330
29539576
25167669
25150769
25108675
25107602
25105789
25083357
25074170
25013344
24981908
24981907
24981904
24981902
24981897
24974189
24967048
24949903
24890141
24869983
24861084
24851149
24849661
24848703
24835003
24826473
24826470
24816144
24796054
26229805
24762592
24747622
24723809
24707603
24701500
24692625
24674682
24653799
24642054
24606000
24605999
24605744
24596603
24563980
24557462
24549383
24525987
24525312
24517217
24486471
24482031
24458933
24445890
24384656
24381453
24377725
24359173
24359027
24358997
24358996
24338608
24337550
24337323
24332321
24329506
24321130
24310462
24292927
24284239
24184649
24170266
24169252
24162182
24161783
24158740
24137306
24136267
24134030
24121749
24113998
24101179
24091822
24090514
24090484
24086560
24077416
24063171
24018981
24013718
24003877
23996046
23993999
23984142
23982115
23970987
23970107
23924455
23879090
23850337
23828560
23792617
23792614
23786951
23775499
23750428
23740669
23736969
23732614
23709440
23704968
23689847
23680838
23677637
23676860
23672907
23669121
23660312
23640802
23634314
23629993
23627147
23627145
23627144
23627143
23627142
23627141
23623633
23615381
23602328
23584396
23568085
23549820
23547522
23537449
23508335
23472534
23468432
23440679
23412275
23394006
23384868
23381177
23369497
23342799
23296555
23276357
27927324
25105674
23269516
23268823
23261249
23259544
23247444
23218637
23211532
23198724
23169137
23165222
23133724
23133723
23117457
23075856
23053588
23009523
23028426
23023897
23012934
22971486
22938553
22912513
22907065
22890568
22860498
22844053
22781532
27047853
22737299
22736023
22722921
22708016
22706456
22702046
22702045
22700890
22674192
22669445
22648026
22577717
22577498
22576716
22523933
22490284
22489522
22482423
22476638
22443384
22437289
22414472
22413100
22407264
22395303
22391680
22386901
22385085
22356037
22352229
22333930
22297474
22295497
22247065
22246355
22229617
22229181
22227107
25694892
24453611
22177925
22160173
22146288
22146278
26064147
22102953
22097123
22094033
22094030
22076677
22057820
22009973
21982760
21956060
21951612
21950895
21923024
21912925
21892398
21892386
21870393
21870392
21870391
21870390
21870389
21854577
21853908
21779855
21763230
21762910
21688000
21644092
21640658
21637134
21612696
21604529
21604528
21603733
21558966
21555124
21547491
21546332
27047822
21497560
21492680
21485572
21462891
21430571
21426829
21426827
21426826
21404037
21356536
21351617
21283533
21259336
21245793
21245791
21243508
21226358
21223831
21221231
21160398
21192227
21190568
21146818
21137293
21131801
21079623
21063148
21057146
21055214
20970741
20967415
20943109
20881467
20938263
20871973
20820179
20806752
20736893
20708338
20704106
20701122
20694848
20693911
20642934
20606547
20586156
20554376
20540252
20535041
20531068
20489522
20499114
20496038
20486376
20479700
27022547
20428629
20421080
20417512
20375855
20359523
20349868
20349867
20345031
20194345
20220003
20217152
20193548
20193408
20192146
20177428
20166365
20150832
20140731
20135967
20135122
20124914
20104151
20076862
20075769
20075756
20065359
20055303
20024568
20023338
19965607
19957838
19953277
19910769
19881400
19865625
19838371
19829263
19824611
19819190
19813020
19789468
19769510
19747779
19718404
19705707
19705705
19705704
19704275
19701654
19688353
19681327
19680089
19669804
19669803
19662978
19662480
19652569
19652568
22009840
19640824
19635134
19634850
19595286
19525832
19522404
19509622
19503666
19486554
26814905
19471946
19468683
19435670
19431977
19430781
19411450
22009823
19390224
19388611
19387701
19385573
19350476
19321056
19317062
19281027
19277756
19233356
19232441
19231049
19209382
19190433
22009778
19169105
19139662
19127146
19123059
19122075
27004188
19108432
19108376
19102259
19102258
19099280
19068601
19037620
19009303
18985350
18981984
18978595
18774020
18773806
18768720
18711658
18703794
18694864
18681283
18661132
18656750
18648825
18628696
18580515
18575898
18535682
20411136
18509968
18469690
18458594
18455897
18454917
18453652
18377319
18344860
18312076
18277858
18248703
18219186
18197111
18193300
18090090
18069469
18065877
18054609
20411132
18045516
17998129
17996773
17990776
17990774
17978667
17912669
17904780
21139793
21139792
21139791
21139790
21139787
21139777
19096554
17879684
17877265
17876116
17709860
17709110
17634016
17621198
17572619
17570443
17566793
27519889
17534203
17507816
17497188
17436919
17355831
17320624
17320622
17304135
17252216
17233303
17176014
17146302
17146298
17139218
17096930
17096236
17077731
17054237
17047546
17044284
17023866
17015612
16985441
16985126
16960661
16932874
16930904
16925077
16924864
16918234
16918206
16915102
16876036
16850952
16783550
16778657
16770214
16741742
16721620
16703901
16685242
16628510
16622372
16619099
16582842
16541357
16531862
16531694
16507542
16501977
16482411
16429970
16427058
16408237
16376100
16374646
16374406
16369833
16311837
16311061
16306834
16305086
16274889
16189453
16189452
16103853
16103852
16075230
15995429
15995107
15980904
15977245
15958214
15912889
15905765
15902632
15828481
15803082
15796372
15771399
15738790
15714305
15699808
15699801
15692827
15686638
15682019
15682000
15664606
15625465
15615508
15613678
15576113
15538564
15534413
15507806
15363223
15291031
15280752
15250254
15247572
15243758
15211824
15179446
15168239
15167335
15162877
15141770
15124000
15067096
15054293
15021137
15016400
14999378
14996902
14996901
14749681
14740183
14728821
14688204
14634854
14633301
14595164
14588330
14579017
14569859
14565757
14531009
14528713
14501919
12903762
12859054
12838473
12800001
12800000
12728024
12679673
12671351
12658937
12658929
12610691
12571479
12557599
12552389
12546388
12546385
12435978
12394931
12391451
12390857
12384750
12234438
12230403
12208060
12152376
12136304
12107792
12091034
12088281
12056276
12056275
12048659
12045511
12037711
11940358
11931070
11922458
11880835
11877784
11874680
11874405
11835726
11832121
11821830
11806392
11806391
11805684
11766304
11706721
11679817
11603896
11586142
11576379
11569156
11569054
11569053
11569052
11547211
11545148
11389388
11380146
11371788
11345638
11337622
11276837
11245529
11234937
11224884
11217287
11200050
11196373
11172655
11154543
11154106
11153978
11148651
11148647
11148640
11132291
11064519
11052349
11052348
10973401
10969545
10963155
10962985
10958422
10941888
10870138
10855284
10851954
10831806
10751128
10750554
10719098
10664310
10643391
11110936
10627321
10605040
10543015
10506373
10506370
10502853
10486011
10483830
28246990
28246987
10422022
10421695
10419370
10413120
10382245
10352744
10338394
10337886
10196163
10191746
10101358
10094745
10065527
10025025
9922535
9921586
9882920
9876993
9779538
9768894
9763149
9726337
9654621
9637621
9613210
9589546
9549788
9492641
9479736
9477401
9460160
9438809
9362080
9314518
9280019
9381211
9306207
9278920
9259780
9340776
9201851
9168711
9160452
9089942
9020209
20470640
9411170
9391802
9255355
9195265
9122788
9010188
8988081
9000810
8938610
8915042
8893445
8870754
8843403
8753707
8614081
8845195
8691698
8882697
8882686
8852319
8742203
8742201
8640386
9122751
8915916
8771353
8755403
8724191
8689418
8686536
24193445
8541735
7490641
8578386
8568369
7474007
7559709
7502140
7482020
8623064
7674069
7638654
7587674
7753571
7711368
7709492
8592262
8525820
7997581
7736828
7600158
7576278
7565475
7899967
7873842
7723070
7708128
7962022
7809635
8070208
7997927
7973966
7973965
7940092
8009357
8003830
8184353
8178177
8300651
8209601
8178611
8169690
7899639
7874545
7866859
7866851
7866834
7847161
8303445
8278867
8278847
8278838
8235876
8360728
8362346
8339471
8409634
8406745
8367784
8367783
8347972
8516696
8475430
8451940
8441934
8097354
8446449
8377050
1339743
1527112
1520993
1520992
1387824
1523519
1523490
1498741
1631712
1606376
1621154
1553326
1566185
1566166
1553331
1553329
1553327
1537147
1553587
20483081
1732246
1615770
1561870
1547646
1493281
1340932
1787984
1771422
1802165
1838448
1813240
1785100
1807529
2028330
2028328
2028326
2028324
1993728
2003240
1927618
1927334
1762000
2276805
2259988
2218714
2218713
2402686
2212917
2408100
2151984
2355791
2231119
2636110
2617361
2520073
2781393
2520069
2657681
2718039
2655113
2913227
2595050
2588100
3226766
3206286
3226991
3188852
3411642
3402123
2902757
3367414
3284674
3388112
2455351
3338223
3381135
3231837
3066881
3041710
3324082
2835791
3680328
3453056
3660081
3681522
3491528
3782213
3824067
3488659
3704800
3945477
3945474
3819427
3808165
3904371
4071272
3875235
3992340
3992339
3981669
6494475
6528292
6478705
6478692
6478691
6478688
6495033
6737527
6716516
6670016
6833320
6850973
6849034
7179079
7135069
875096
