30969250
30965166
30942960
30043314
30691861
30171021
30521786
30471151
30844824
30901617
30498911
30811266
30839484
30402789
30929081
30927067
30924705
30923984
30912623
30903294
30900019
30895491
30887219
30883563
30760656
30874379
30847590
30843463
30838439
30828778
29494023
30614840
30451782
30448987
30776259
30045221
30361169
29595401
30720567
30733174
30921207
30896660
30855504
30855494
30921985
30468539
30521957
30503288
30816064
30817724
30553796
30771050
30777366
30767783
30063528
30772505
30747259
30830044
30787602
30778286
30716122
30721772
30326695
30054794
30595411
29016429
30680211
29959099
30481629
30465955
30447453
30414526
30827315
30706096
30704535
30685953
30696677
30690503
30684758
30660127
30653511
30422463
30555121
30644262
30644260
30480959
30539246
29948088
30430192
30347587
29940722
30339879
30277981
30627028
30299485
30203100
30203096
30203034
30202904
29618073
30649798
29806075
30589678
30591227
30578443
30726005
30619063
30247838
30900733
30535907
30511178
30019113
29767314
29687967
30076543
29071409
30542449
30203237
30560034
30517997
30239271
30117192
30058158
29881916
30548059
30075299
30170144
30149154
30064028
29945011
30514048
30514038
30461296
30284945
30595846
30286979
29649091
30020594
30426854
30533425
30418382
30388938
29482346
29946972
29946989
30396672
30415666
30077078
29806053
30104626
30458433
30474324
30249375
30609005
30608999
30114542
30077032
30071341
28846354
30479250
30365725
30315646
30299530
30747696
29685373
30008109
29789873
30149305
30039267
29920149
30155731
30099668
29030703
29493427
29802041
30076428
30257300
30257296
29945008
29933089
30230978
30229438
30272658
30279741
30194552
30191306
30168760
29322309
30210963
30210959
30202709
29808735
29905521
30212972
30282396
29419715
29071375
29913290
29787879
30169694
30185004
30185002
30185001
30185000
30167741
30186271
30114271
30276094
30276087
29644915
30116112
30086801
30258823
30060372
30112031
30465398
29644546
29885734
29882444
29726793
29466910
30170399
30170393
30142856
29807180
30044384
29283958
30129318
29996932
29494309
29357411
29623406
29496562
29511869
29803111
29847416
29758454
29356907
30004560
29876659
29802467
29489560
29685417
29677554
29421977
29680168
30067919
28580859
29747052
30028332
29928396
29594386
29122701
29709750
29678706
30167347
29853317
30023436
29338544
29846365
29905043
29905430
29880007
29696504
29981633
29679136
29675674
29663146
29430607
29322211
29392289
30069534
30069531
30034826
29952989
29924040
29926832
29844829
29856859
28953708
29074467
29588238
29555612
29550596
29550593
29896101
29844542
29793535
29781783
29772841
29770222
29765210
29477681
29578877
29796371
29203574
29571167
29533203
30352524
29712534
28870840
29438793
29693471
29772857
29672175
29664964
28816824
29806307
29806306
29654015
29696149
29850260
29853785
29064302
29086094
29545839
29247322
29269685
29372861
28801863
29393010
29253633
28258287
29410173
30280076
28678108
29750137
29692935
29504820
29499742
29330575
29707551
29537960
28412987
29224900
29373114
28993035
29514336
28421532
29656630
28823938
29253703
29473779
29479940
29462034
29463783
28738168
29806413
29444963
29422073
29412065
29402261
29122191
29503694
29112541
29242977
29399115
29290375
29150315
29431298
28844175
28973104
29191468
29374313
29081513
28604493
28735766
29146435
29113901
29343287
29086918
28858187
28538596
20736893
29806367
29349095
29030347
29535875
30624435
29290537
29492118
29081379
29389761
28267379
29399061
29029887
29332029
29678393
27623115
29125442
29076763
28741852
29146094
27917700
29122533
28988667
28281189
29342420
29743398
29940624
29154300
30543304
30010420
28127724
27943230
29107721
28951274
29301602
29457438
29492351
29312318
29992195
29372136
28858543
28648673
28197890
29279755
29279751
29100186
29201304
29201299
27231834
28860179
28324202
28547575
28451858
29127893
28733847
27815809
28984511
29354739
29390438
28664486
28887282
29151568
29279800
29375941
28306642
29154265
29067951
28938147
29200483
28905100
28800928
28892750
29030463
28777064
27771900
29303132
29113210
29394433
29323806
28803178
29069932
29065144
29423281
29045965
28338579
29028758
29022168
29017495
28781290
28981094
28974243
28608245
29093778
28264589
28937458
28557903
28099187
28817960
28374331
28324215
28989844
29025606
28807432
29403252
29208863
28748388
28534496
29201578
29026669
29455485
29455483
29264338
28740054
29798565
28893205
28881529
28623748
28639828
28027723
27819221
28620788
28324212
28116508
28543940
28686146
28641907
28816871
28816869
29057346
29221280
29017312
28858098
28301777
28614274
28098744
29806436
28770654
28385420
28570093
28874967
28411110
28618337
28646453
28597299
28810608
28810568
28662833
28932551
28834906
28966654
28488133
26359826
28117332
27879575
28373079
28747177
27861250
29798528
28632547
27770334
28477991
28578082
28483544
27465912
28408248
29021671
28342324
28409669
27922573
28619021
29798647
28607331
27386868
28428212
28567222
27996218
28815163
28815159
28815158
28323555
28640112
28028789
28330796
28251286
28034746
28332863
29417778
29798540
28202221
27807778
27807770
27554351
27497753
27372945
27334493
27250728
28566777
28343026
28161853
27690264
27548012
27459323
28291409
28186470
28081926
27736260
28538361
27752060
27584674
28108405
28153626
28407019
28376922
28323718
28323715
28323710
28323709
28323702
27830346
28451482
28571219
28694593
28383409
27454538
28294142
28507775
28277467
28840673
28007771
28450952
28244906
27206067
28192386
27834628
28350952
28350943
28116458
27925638
28108802
26630415
28382238
28367388
28225378
28052039
28293486
28243383
27387358
28027506
28107240
28065376
28101655
28093624
27933476
27928629
28068232
28178133
28173564
27689222
27577726
28149529
27542623
28122604
28085110
28060908
28120091
27659601
29097902
28164114
27866033
27577730
27832360
27807775
28216750
27843032
28881335
28453455
28035907
27508346
27864963
29604943
26953505
26190344
28079810
28572022
27886879
27886875
28041323
27607403
27480628
28072794
27890181
28598858
27637996
29898300
28027145
27978846
27128389
28018608
27793526
27766596
28043420
27527512
27867025
27816708
27924499
28322106
28163505
28090452
27308958
27831489
27437620
27404850
27260251
26070549
27781192
27781189
27592182
27194159
28050455
27787569
27759681
27906947
27906938
27871096
27788683
28010624
27541493
27339484
27321876
27500656
27553389
27507543
27496720
27506780
27639006
27857921
27857920
27544375
27749563
27362771
27653009
27343731
27294481
27843686
27397493
29786365
29786364
27469898
27452877
27747175
27602215
27587526
27376703
27250357
26540597
26772388
27452300
27387197
27310573
29927208
27292116
27757430
27050883
27587948
27340036
27586114
27586110
27586096
27586095
25348505
27262645
27529133
27555919
29786230
27485951
27290663
27449461
27559444
27484459
27146654
27137153
24005031
27058457
27180254
27488620
26928067
26967122
27245367
26280588
27600011
29232780
29232775
29232774
27444135
27504058
30233918
27401073
27462504
26749512
27438561
27466986
25716661
27556200
27150525
27454265
27389117
27386388
27408503
27398108
27307365
29786267
26957348
23075856
27111110
27190734
26994520
26873520
27118375
27116190
26987982
26753843
26896762
26895528
26610067
26572231
27683707
27437015
27310966
27482226
27234914
27246488
27064175
27113550
26979922
27347242
27197020
27441179
27032865
26414451
29123811
29786303
29786299
29786298
26949100
27070845
26945877
25719974
27293284
27437323
27135451
26608054
27228522
26872515
27138874
27100630
27080271
28149348
27063841
26104807
27114774
27007786
27034189
26810978
26202101
26112245
25953527
25599849
25217246
26653269
26590372
26682598
27182497
26239163
27124040
27131636
26556733
27015068
26536442
26549136
27121407
26732953
27028069
27055515
26935460
25903942
26929802
26889991
26123409
26933621
26962417
25586503
26516664
27683691
28465760
27063174
26419470
26916767
26993414
26806264
26571178
26536444
26656435
26639623
27149796
26902191
27158403
26687541
26949469
26949452
26686533
26411349
26835205
26555187
26451663
26796997
26866738
26571155
24262862
27340713
26824399
26792288
26757891
25855667
28556653
27990434
27595101
27403423
26733523
26733521
26485360
26537691
27828664
27651957
26989542
26179178
26377662
27716571
25501699
26431072
26384132
26785048
26230541
27852503
27400110
27161469
27019895
27019893
27062851
27062850
26885223
27047853
27047822
27004188
26612289
26432065
26324005
26467046
26708397
26713135
26713131
26141837
26546886
26397214
26386902
26383865
26342804
26559423
26438172
26538336
26059976
26209922
24189482
27683681
25998181
26660549
26208228
26165219
26407504
26911124
26849929
26693392
27022547
26885011
26568074
26696746
24077416
26159913
26521157
26494617
26048674
26037793
26164589
26606029
26606023
26606018
26687751
26335044
26100740
26555841
26660743
27047226
26502352
26770507
26341869
26444376
26425158
26425157
26425156
26430018
26388162
26430591
26273016
26542870
26169233
26454388
25656545
26378354
26378347
26622801
25645322
26001559
26008679
25744289
26727796
26749738
26749736
26435776
26629241
26020848
26566438
26103438
25874446
26405006
25808188
26483995
26512280
26193968
26449585
25896347
26306404
26290091
26284373
26550197
26240726
26240718
26224829
25971847
26736364
26225284
26225279
25986668
26116848
25932599
26284801
26403743
25917262
25771500
24642054
26502533
26502522
26502519
26379913
25946722
25943081
25912639
26140041
26229171
26021660
25909274
25264552
28435606
25792494
25777741
26540978
26309652
25705999
25822544
25822543
26097659
26097649
25470243
26034424
26075144
26414835
25466292
25263584
25933705
26091158
24374098
24321130
26466480
26466479
26021565
26018526
27408480
25757843
25683528
25868031
25828400
25769251
25393665
25353208
25997042
26137065
25619632
25576045
24200410
24055569
25969819
26081360
25882937
25868104
25868093
25849624
25901226
25528102
27162904
25404372
24664426
25860219
25703775
25450656
26269165
25890296
25867298
25582580
25596485
25726564
25785335
25525963
25525959
25830062
25710414
25720923
25510580
26101488
25576982
25938842
25304448
25706642
25932230
25879482
25750878
25623005
25586264
25516448
25481244
25648401
25457338
25653492
25733990
25842559
25449004
25763296
25583235
25577601
25264314
25245505
25924505
25842917
25627918
25568402
25568388
25476501
26012933
25688302
26272712
26214190
26137481
26097844
25996719
25996712
26509091
26221556
25977827
25945273
25802784
25685576
26737146
26308674
25442787
25400126
25323963
25344091
25150716
26426292
25593358
25697857
25150769
25674341
25154535
26155712
26652869
25135580
25075443
25630005
25384403
25341991
25341990
26027976
26442544
26146044
25823125
25823123
26504728
25664090
25657739
25504098
25471910
26280721
26280719
25300981
25415706
25256679
25169142
25011583
24388617
24974189
25241279
24931697
25638899
25387608
25386720
25059695
24766903
24816144
25270229
24289239
25271071
25404768
24827805
25106669
25127432
25092145
24948545
25082734
24184649
26192959
25577916
25639051
25639044
25363259
25349665
25320208
25320199
25299207
25107602
25346807
24377725
24482031
24771034
25245890
25212447
25212446
25207594
22907065
27169040
25267283
24486471
24462536
25591299
25148171
25197893
24995425
29539576
25368766
25368763
24949903
25346769
25108675
24921850
24491384
24448191
25509775
25221477
25289156
25289154
25083357
24849661
23732183
25741043
25741039
25102508
25102498
24509564
24562785
24904047
24831499
23732614
25144839
25417307
25327858
24990984
24306166
24306165
23982115
23828560
24744201
24848703
24838507
24831125
24610236
25006897
24080117
24700399
24077411
24861084
24983279
24691895
24732850
25006346
24390285
25338450
25207330
24967048
24967043
24509773
24477380
24253933
24598980
25237429
24869983
22576716
25110485
24857616
24835003
24703793
24632512
24525116
24119881
26455226
24869792
24866883
24718062
24612704
24316293
23876984
24158740
24091822
24378282
24606000
24605999
24792612
24819802
24936842
23736969
23159651
25167669
25073266
26229805
24525987
24480942
24743577
24692625
23959301
24512744
24170266
24549383
24458933
23983216
27169024
25505583
24142439
24445957
24161362
24525312
25152879
24125017
24384666
24624250
24723809
24249670
24605190
24272223
24337323
24217984
24851149
24456908
24033875
24126850
24384656
24526429
24256208
24729815
24974416
25520827
24253785
24517217
24359027
24378245
24596603
24211089
23857760
24701500
24653799
24358997
24358996
24613283
24434364
23943161
24338608
24253789
24826473
24826470
24796199
24796054
24410760
25105789
24747622
24557462
23850611
24479262
24948020
24660002
25580324
25580332
25146606
24890141
24762592
24524468
25627991
25074170
24689834
24559120
23412275
23412256
24161783
24674682
25157987
25128727
25013344
24090484
24165806
23578820
24981908
24981907
24981904
24981902
24981897
25492842
24445890
24108287
24332321
23669121
23623633
25307398
24433103
24345023
24345021
25269043
23324721
26535262
24359173
24534306
24072426
24018981
24563980
24353846
24050881
23880868
23850337
25694897
24292927
24891852
23863990
25473535
24042984
24094714
23981817
23953508
23602328
24337550
24416474
23937540
23909891
24182620
24147851
24132621
24121749
24379470
24162182
24524061
24516049
24090514
23801776
23970107
24605744
24605738
24501892
24396235
24136267
24156116
23963013
23792617
23792614
24046041
23953004
24007773
23891030
24113998
24013718
23996046
23689847
23508335
24137306
23381177
23823577
24490529
24378104
24358689
23953504
24086560
23871523
24360047
25207276
23620368
23543368
24426950
24070110
23374163
23529829
23848349
23640802
24101179
27927394
24029139
23957831
23010067
24003359
23990976
23680838
23871305
23397218
23633560
23887077
23949939
23937747
23615381
23523441
23726182
24284240
24284239
27306480
24169252
23677637
23584336
23449650
23391839
23789683
23677522
23456822
24044073
23682809
23662886
23641673
23814399
23449956
23274443
24003877
23709440
24134030
24063171
24063170
23840316
23643028
23632138
23558441
23740669
23780532
23723264
23786951
23623494
23468432
23584396
23322362
23676860
23560713
23096127
23079720
23027362
22134732
24757469
23746037
23474390
23201500
23269516
23486409
23775499
24015663
24015649
23710605
23704968
23429687
23668225
24707603
23644526
23798751
23179682
23673171
23407432
23375605
23313184
23672907
23542774
23123431
23549820
23879090
23588747
23466167
23572035
23385101
23053751
23629993
23524382
22872070
23619648
23844490
23750428
23568085
23859392
23337850
23452614
23135331
23224427
22890568
23480084
23259544
23204545
22819881
23211532
23537449
23369497
23795447
23261249
23660312
23547522
23149277
22735889
23219053
23064878
23246384
23198724
22668548
22806532
22894570
23596676
23197573
23124262
22613632
22579220
23452419
25105674
24429566
24406955
23686197
24329506
24455372
23984142
23970987
23634314
23384868
23924455
22149220
23510145
23931778
23735642
23993999
23123007
23948820
24381453
23440679
23240094
23292531
23053588
24228187
23342217
23438655
23276357
22422022
27927324
24310462
24640720
23247444
23023594
23199722
22877832
24353971
25694892
23217484
23111297
23054380
23165222
23218637
22538788
23296555
23627147
23627145
23627144
23627143
23627142
23627141
23316628
23469596
22884596
26662740
22722921
22674192
22290583
22957532
22938553
22391680
23103407
23472534
22511231
22727571
22736023
22571842
22591769
22395303
23133724
23133723
23133722
22362412
23117457
23342800
23342799
23167102
23997981
22998664
22929043
22386901
23047507
22391866
23326986
22985369
22669445
22920978
25983820
25983803
22566121
22664746
23023897
22614799
22614797
22177925
21982760
21640658
22588378
22704826
22878945
22700890
22842687
22278851
19819657
22844053
22247065
21705918
21984130
22722950
22652593
22648026
23012934
22125052
22476638
22912513
22706456
21704325
22076677
22784904
22905610
22717827
22575982
22708016
22430313
22426306
22360380
22234723
22045199
22503577
22367922
22386555
22482423
22860498
21423058
22367775
25983796
21833738
22146278
22493411
22146288
22020580
22444349
22407264
22234722
22160173
22757494
22385085
22343281
22134733
22322117
21959170
21769661
22702046
22702045
22781532
22205391
22227107
21889141
21762910
20417512
22456638
22406532
22737299
22002745
22446843
22020582
22480530
22483467
22568318
22800788
22443384
22443312
22269511
22942837
21067776
23448848
22422335
22333930
22333928
22523933
22116104
21912925
22265605
22057820
22127369
22077470
22133619
21558966
21430571
22297474
22210506
22290213
21993914
22577717
22251875
22229617
22577498
23394347
23268823
24453611
24453574
22194515
23169137
23169131
23132647
23009523
22675384
22413100
23321197
22971486
22613401
22100103
21839466
23394006
22966427
23071777
23056283
23028426
22414472
23038969
22437289
22317361
22317069
22489522
22490284
22352229
22058144
21822947
21688000
21146818
21732951
26064147
21947796
22100175
22123171
22158284
22210667
21442418
21399934
22246355
21920866
21729034
21343317
21960024
22201079
22869312
21909733
22295497
22295493
22229181
22229180
21343857
21956060
21802536
21555124
21610504
22070332
22356037
22287030
21852213
22097128
22097123
21712086
21387138
21359664
21892391
21892388
21892386
22041832
21590738
22102953
21609310
21499145
21820378
21763230
21245793
21951612
21951611
21889419
21775218
24059720
22094033
22094030
21854577
21680656
21785093
21512892
21319143
21779855
21404037
21384203
21318281
21913557
21356536
21950895
21861733
21705031
21547491
21779882
21824588
21862416
21923024
21545871
21191607
21558449
21243508
21838179
21892398
21870376
21870396
21870393
21870392
21870391
21870390
21870389
21606307
21507652
21489799
20680384
21640252
21259336
21637134
21546332
20440613
21289575
21376873
22461815
21430525
21716899
21396604
20693911
21276687
20931188
21192294
21497560
20531068
21492450
21295781
21185414
21322063
21268122
21190044
20928886
21457117
21314282
21275549
21519073
21445026
20625321
21079623
21245791
21242864
21104252
21604529
21604528
21612696
21600137
21603733
21386940
21853908
21115215
20694848
20680702
21368099
21563252
21250808
21295239
21076886
21644092
21485572
21500583
21609563
21325575
20825286
20956031
20715186
21214309
21503202
22009973
21271338
20820179
21426829
21426827
21426826
21283532
20850750
22217409
21729637
21107958
22105394
20473678
22207875
21728960
21293106
21221231
22150350
21716869
21166485
20489662
21111133
21192227
20479700
21492680
21328186
21351617
21209909
21160398
21165313
21165312
20846965
21134338
20930629
20381277
21068598
21142320
21187549
21131801
20708338
21177192
21162513
20967415
20871973
21161869
21261098
21211403
20966302
21162942
20607571
20559850
20643907
21041800
20564249
20861744
21153012
20970741
20970738
20970737
21226358
20633709
20846945
20880451
20554376
20865606
20499114
21462891
20655229
20943109
20124914
20938263
20881467
21137300
21137299
21137293
21137283
21137281
21063148
20701962
20729417
20957975
20449750
21853894
20737336
19838640
20798449
21057146
20543770
20098352
21038127
20939481
20462582
21373308
21055214
20704116
20704106
21059330
20496038
23637674
20672965
20541346
20140731
20730691
20394933
20634659
20609255
20359523
20217152
20195650
20845604
20593983
20606547
20075756
20439162
20233666
20193986
20535041
20375855
20669112
20701124
20701122
20206932
20979746
20213299
20191393
20511692
20304578
20489522
20806752
20669587
20973222
20406886
20024568
20464811
20216070
20642934
19965607
20466335
19901954
20393389
20421080
20540252
20375770
20150832
20019106
20091855
20338308
20004264
19953277
19760437
19913786
20135122
20065866
20065865
20642089
19781969
20586156
20362251
20376723
20373242
20486388
20486376
20220003
20044508
19709135
19851793
19701654
19669804
19669803
20194345
20020509
21655423
20349868
20349867
21283533
20081562
20368059
20093618
19917516
20006509
19963388
19435670
20065868
19950376
20192146
19513578
19828305
20075769
20142072
19902163
20345031
20177428
21223831
20678217
21263181
22242072
20051739
21190568
20953072
19878900
19747779
20055352
19736557
20020788
20164623
20135967
20010395
20010394
20193408
20166365
19581311
19412827
18989668
18985350
20062567
20065359
19951062
19300891
19716572
19819193
19819190
20193548
19910769
19910764
19881400
19486975
19813020
20139498
20069919
19829263
19789468
20184830
19471946
20428629
19688353
18661132
19419306
20104151
19744678
19773051
19824611
19824600
19812101
19902766
19957838
19723604
19860124
19484434
19865625
19891385
19769510
19704275
19350476
19691859
19779687
19640824
19430781
19718404
24207153
19680108
19680089
19652633
19652573
19652569
19652568
19625904
22009840
20055303
19635134
19714279
19387701
19357875
19210218
19662480
19574838
19634850
19623907
19693741
19705707
19705705
19705704
19705703
19662978
19525837
19525832
19483668
19595286
19681327
19363715
19503666
19486554
26814905
19390871
19330364
19487527
19609421
19468683
19509622
19685223
19336665
19364678
19356989
19570333
19444066
19081557
19231049
18455897
19411450
19442014
19404113
22009823
18802658
18797812
19522409
19522404
19232441
19321056
19838371
19307672
19292657
19388611
18684675
19408758
19431977
19405275
18703794
19350860
19362228
19276763
18838341
19391496
19277756
19243602
19214094
19124098
19209382
19009303
19233356
19274126
19169105
19190433
22009778
19371278
19123059
20076862
18640876
19281027
19317062
19139662
20405810
18768720
18648825
18848654
19385573
20023338
19122075
19754984
20088184
19390224
19127146
19099280
19514395
19192883
19186723
19150004
19216178
18820952
17768624
18981984
19126904
19077639
18951044
19058109
19058106
19037620
19137885
20557805
18678533
18719030
18941077
18975334
18795344
18976181
18595763
18629485
18978595
18978581
18375188
19085171
19068601
18408945
26815997
18984238
19010284
19024151
18795235
19238660
19105391
19105360
18794750
19227933
18389186
17904780
18762104
18831901
18838851
18774020
18317487
18023621
18956799
18621375
18417606
18036744
18575898
18560905
18753078
18562189
19108376
18773806
18628696
18568555
18694864
18656750
18580515
18580514
18975240
18594454
18781418
18266028
18770495
19102151
18681283
18594192
20411136
18395504
17333182
19096634
18641567
18525491
18521793
18710060
18513574
18398779
19108432
18630571
18469690
18387460
18447690
18458594
18596526
18711658
18278491
18561087
18454917
18535682
18204942
18335318
18377319
18453652
18092159
18575436
18344860
18344858
18344851
18552527
17896225
17912527
18193300
18164298
17882383
18312076
18213532
18332800
18277858
18213930
18248703
18195633
18068989
18306130
18382314
18338132
18197111
18509968
18642652
19141905
19141902
19096733
18683534
18266400
18185040
19140488
18353334
18076887
17709110
18219186
18980481
18269169
17621257
18165747
18165744
18054609
19102261
19102259
19102258
18029848
18043022
20411134
20411132
17920346
17913613
18045520
18045516
17897759
18039242
17828560
18046174
17618034
18246011
18161150
18007257
18050598
18180574
17954631
17556428
17854958
18075403
17659364
17566793
17497188
17964500
17996773
19096570
18030230
18240667
17590258
18065877
17978667
17978639
17998129
18069469
17940230
17884290
18090090
18090087
17924216
17662076
17883968
21139793
21139792
21139791
21139790
21139787
21139777
18693586
17993400
17646103
19096555
19096554
17990776
17990774
17952307
17618848
17654030
16568304
17877265
17826254
17876364
17762809
17762808
17905320
17939078
18051568
17700430
18180554
17879684
17561321
17252216
17709860
17570443
17140545
17872813
17468905
17953288
17510817
17607097
17603304
17660854
17368692
17621198
17912669
17572619
17569953
17532890
20411148
17507816
17610054
27519889
17545907
17103232
17478751
17542501
17473642
17460529
17514371
17534203
17708471
17634016
17453503
17416822
17416821
17377052
17114205
17229596
17317067
17400228
16783550
17436919
17143890
17392252
17537319
17343759
17424785
17427524
17276125
17389419
17320624
17320622
17304135
17355831
16531071
17546538
17546537
17502986
17876116
17483648
17213422
17888239
17034866
17198708
16427058
17323183
17233303
17215769
17197223
17356508
24414021
21857627
18221104
16677808
17013657
17578821
17313831
17133022
17096930
16858596
16819622
16741742
16724212
16463199
17176014
17146302
17146298
17278819
17139228
17139218
17114097
17288830
16960661
16906084
17120899
17077731
17088194
17066292
17054237
17047546
17032871
17032870
16985127
16985126
17015612
17052058
17021418
17023866
17023840
16985465
16985443
16985441
16897423
16930904
16311061
16934719
16803727
16915102
16915092
16908586
16721620
16678948
16567025
16829092
16402209
16395616
16369833
16311752
16501977
16813438
16925077
16924864
16867197
16874480
16845352
16895111
17054840
16565797
16931342
16850952
16488645
16876036
16563624
17044284
16520993
16816769
16816750
16774682
16775260
16731123
16758110
16614857
16474942
16220351
16778657
16703497
16685242
16631976
16434133
16649965
16395532
16314915
16408236
15761707
16563523
16703901
16770214
16762891
16762872
16838561
16648748
16648747
16651224
16557345
16622372
21614224
16408237
16760786
16575333
16582850
16582842
16311837
16482411
16523129
16374646
16531862
16531856
16540847
16628510
16508540
16541357
16481954
16462435
16376100
16538573
16452745
16506483
16484934
16462482
16435252
16562691
16418642
16418388
16817654
16817600
16228846
17121074
15692827
16619099
16389091
16321394
16410195
16739561
16572563
16415135
16932874
16198709
16297523
16507542
16429970
16371909
15968529
16113041
16075230
16361816
16374406
16306834
15834512
16304123
16319758
16319750
16319740
16286418
16271559
16054280
16274889
16479740
16437045
16261122
16363077
16291128
16390650
16227891
16227890
16305086
16146555
16871654
16266071
16189453
16189452
16302297
16850059
16166883
16155162
16250483
15893290
24453537
16167273
16200048
16153574
16170487
16285607
16103853
16103852
16087094
16084476
15809829
15168239
15958214
15977245
16080927
15883828
16025033
16025027
15995429
15995107
16002505
16850088
16163144
15990668
15990664
15980904
15836944
15975792
15905767
15905765
15905761
15902632
15928553
15784203
15981725
15981724
15613678
15920398
15722292
15912889
15714305
15793496
15856808
15803082
15771399
15771398
15771395
15770179
15828481
15760853
15796372
15756228
15775889
15738790
15996362
15849639
15842911
15709144
15807923
16123020
15664606
15538564
15707808
15739523
15739520
15699808
15699801
15687850
15682019
15682000
15680638
15644761
15644756
15830959
16531694
16617661
15567533
15658124
15658119
15751814
15653085
15653084
16076231
16256847
15628775
16036091
15558548
15570118
15573078
15625465
15582769
15576113
15611920
15375291
15543060
15634429
15615508
15557911
15173946
15507806
15614653
15480139
15480136
15363223
15466793
15637471
15951600
16858491
15454702
15243758
15346051
15371608
15534413
15313726
15273195
15280752
15457363
15264777
15247572
15323398
15179446
15165876
15291031
15124000
15223933
15202874
15187634
15166758
15555487
15250254
15145007
15167335
15167659
15167657
15118884
15175776
15105751
15195747
15211824
15067096
15090359
15039169
14531009
15141770
23377359
14634854
15113041
14996902
14996901
15069241
14749514
14740183
15129074
15016400
14963744
14970015
14736654
14980325
14960051
14728821
15021137
14688204
15005380
14706320
15094623
15062685
15036733
14999378
15686638
15054293
15116627
14711948
15618598
14749681
14748570
15162877
15682827
23074451
16868622
14699283
14749196
15143966
15502297
15290506
14605972
14709185
14633301
14661141
14648434
15323460
14605716
14671518
13680099
14595164
14609694
14528454
14555280
14505120
25696151
14579017
14710378
14520041
14520032
14959650
14501932
14501920
14501919
14565757
14517600
14606281
14588945
12942845
12917152
12905484
12880710
12687437
12925255
14608742
12865843
12865841
12859054
12800001
12800000
12817036
12844037
14661485
12768136
12704060
12746915
12709576
12728024
12733733
12733731
12911178
12715220
18034000
12698118
12795027
12683543
12652379
12745427
12679673
12679668
16883382
12671351
12610691
12616157
12591631
12598998
12751932
12571479
14569859
12533319
12690880
12601574
12510802
12546388
12546386
12546385
12546384
12560886
14528713
12829878
12533652
17096257
12552389
14600331
12838473
12658937
12658929
12658919
12486347
27476182
12595801
12447041
12461253
12599175
12435978
12427616
12427615
15290549
12549789
12472249
12234438
17096236
12241638
12384750
12357061
16886015
12394931
12214961
12230403
12215892
12208060
12296682
12354821
12391451
12384891
12169467
12355861
12082184
12136304
12120652
12136913
12483948
12577665
12577661
12065977
12152376
12048659
12107798
12107792
17041348
12087507
12037711
12045511
11970931
12088281
12091034
12021944
12089798
18034080
12389289
12056276
12056275
11930056
11922458
11940358
11877784
12027313
12431292
11880835
11875844
11874405
11931070
11830620
11830619
11805684
11968545
11805662
12557599
12125215
12630341
11827890
11885489
12036831
12036829
11814744
12390857
11771667
11795714
11795702
12515032
11793288
11821830
12903762
15775464
11806392
11806391
11870336
11766304
11803718
11736706
11714551
11603896
11672719
11846904
11679817
17458745
11606148
11602851
11683658
11603549
11599839
11586142
11586138
11576379
11567922
11705076
11699309
11547211
11535478
11559519
11589677
11715278
11568713
11493846
11835726
11569156
11560364
11464158
11462083
11462082
11490768
11426000
14588330
11415923
11394461
11390042
11411624
11389388
11311698
11380146
11371788
11371807
11394621
11323137
11475937
11337622
11317122
11345638
11367838
11245761
11249157
11898506
11545148
11224884
11156785
11234937
11172655
11276837
11276833
11154543
11706721
17264585
11317690
11275338
11153978
11745518
11245529
11484098
11289585
11208485
11175998
11152349
11716190
11148651
11148647
11148641
11148640
11381759
11196373
11050353
11189915
11132979
11110936
11154106
11148899
11938858
11874680
10946097
11132291
11064519
11832169
11057541
11036860
11052349
11052348
11092143
11011974
11005515
11117287
11200050
10973401
10969664
10906023
10913922
10831806
10955220
10941889
10941888
11832121
10963155
10879777
10903684
10962985
10870138
10969545
10893756
10845511
10928251
10873694
24383565
10929335
11014091
10815675
10719098
10788855
10788848
10767803
11569054
11569053
11569052
10958422
10851691
16906202
10751298
10751296
10851954
10761548
10744187
10712311
10750554
11066214
10696008
10627321
10685480
10651349
11217287
10605040
10616058
10641693
17638217
11059223
11452862
11199194
11199192
11202271
10803184
16918209
16918206
10643403
10755005
10636312
10643391
10541126
10543015
10590897
10508185
10549710
10549707
10540663
10503053
10521140
10580532
10488505
10502853
10458269
10456238
10393752
10506373
10506370
28246990
28246987
10486011
10457570
16918234
10472728
10464557
10428125
10419370
20086732
10382245
10459590
11900647
10337886
10326921
10331758
10376722
10338394
10394603
28246959
10196163
10339774
10094745
10101829
10101828
10416091
10065527
9927395
10191746
10100579
9933334
10101358
10025025
10672302
10352744
10853781
10509201
10495549
10619090
10460358
10664310
10483830
10483828
10413344
10190852
10422022
10421695
10757680
10413120
10073649
10751128
10501793
9921586
9921585
9922535
10404748
9884295
9930211
9934001
9823457
9882920
9809571
9763149
15304899
9804113
9779538
9760090
9731821
9768894
9862153
9741256
9708525
9726337
9771387
9717634
9795440
9654621
9671239
9637621
9637620
9702835
9594898
9652495
9658346
9646319
9577479
9589546
9589545
9629047
9697089
9567048
20086804
9613210
9549788
9549785
9615983
9493768
9507625
9479736
9709851
10855284
11430786
9876993
9460160
9525079
9658528
9757539
9438809
9477401
9421863
9492641
9403451
9497805
9334952
9386665
9314518
9362080
9280019
9280017
9281920
9316304
9306207
9278920
9259780
9381211
9381605
9237004
9192503
9205247
9205246
9340776
9201851
9168711
9219209
9167810
9202888
9278370
9160452
9111395
9157205
9089942
9163267
9181769
9074416
9069162
9135923
9271758
9095115
9165952
9020209
9128131
9025738
20470640
10868030
9198542
9391802
9195265
9010188
8988081
8989713
9411170
9206760
9157478
9255355
9225882
9122788
9000810
9064591
8929296
8961442
8969414
8948341
8938610
8820769
8915042
8893445
8870754
8873487
8822680
8797423
8884673
8843403
8883208
8875715
8853834
8753707
8835961
9167417
8963999
11415620
8856409
8782187
8727193
8743912
8614081
8685137
8935301
8691698
8845195
8882697
8882686
8703580
8666637
8913955
8668357
8852319
8729323
8640386
8742203
8742201
8901970
8686536
8678283
8678281
9137684
8771353
8929776
8831121
8724191
8689418
8755403
10602590
8558154
8915916
8539054
9122751
8732115
8745182
24193445
8541735
7490641
7500404
8610244
8578386
7474007
8568369
7484118
8559299
8551687
8845976
8578378
7559709
24234659
7549617
7502140
7502133
7484620
7674409
7482020
8631094
7674069
7560047
7609963
8623064
7677017
7754890
16558329
8527045
7644263
7571501
7638654
7638653
7610710
7609980
7609979
29275761
7587674
7604345
7604340
7766496
7874595
7609484
7711368
7753571
7709230
7709492
8571763
8525820
8745598
7576278
7736828
8591803
7749909
7600158
7797893
10603539
7815111
8592262
7823362
8544715
7565475
7997581
21551824
8761647
8570951
7626179
7483894
7723070
7869162
7873842
7897949
7708128
7899967
7863939
7874618
7962022
7844778
7966482
7972760
7801754
7962011
7815689
7837154
8090473
7809635
7825484
8070208
7800132
7997927
7992173
7925254
7949695
7973966
7973965
7971903
7940092
8053398
8009357
8088196
8187750
8034533
8003830
8147647
8131359
8208906
8184353
8178177
8129456
8167280
8170644
8209601
8178611
7847161
7771217
8304361
7857083
7656673
7874545
7874541
7866859
7866851
7866834
8068571
8300651
8169690
7596450
7899639
7638396
7631079
8153638
8242925
8255464
8134006
8012313
8303445
8291636
8278867
8278853
8278847
8278838
7801598
8272965
8235876
8268048
8237473
8360728
22959503
8400611
8374114
8235811
8339471
8004886
8354786
8340736
8378668
8362346
7808947
8406745
8331225
8348137
8409634
8338978
8234856
8367784
8367783
8333602
8506884
8358986
20058447
20058443
8347972
8516696
8098578
8472689
8504231
8484143
8470013
8470006
8458130
8487928
8475430
8475400
8465311
8451940
8451939
8097354
8435271
8441934
8380946
8275373
8275369
8340168
8377050
8423557
8446449
8438179
8434313
8386893
1339252
1493344
1432127
1474626
1287843
1339743
1458989
1458982
1395283
1456084
1523293
1440000
1439861
1416010
1417138
1418022
1392698
1399455
1527112
1520993
1520992
1387824
1404514
1391814
1410984
1411611
1632338
1510649
1498741
1522729
1522997
1411664
1523519
1523490
1629810
1509033
15676864
1606376
1631712
1611418
1584375
1621154
1621153
1536627
1537147
1557173
1553326
1553331
1553329
1553327
1535904
1566185
1566166
1553563
1729617
1554570
23915613
1730947
1553587
1553586
20483086
20483081
1615770
1561870
1288400
1627411
1547646
1732246
1732570
1493284
1493281
1493277
1528367
1603319
1289735
1340932
1536019
1836154
1665523
1946781
1838423
1787984
1948597
1771422
1771420
1833408
1821758
1948845
1802166
1802165
1753648
1948399
1948398
1838448
1785100
1813240
1832856
1938430
1831248
1925398
1829312
1880533
1790405
2027962
1897327
2014721
2021792
2035350
2035348
1807529
2028330
2028328
2028326
2028324
1993728
11537114
2068961
1927618
2038942
1927340
1927334
1888113
1929146
2037617
1744152
1762000
1997607
1984616
2003240
2255222
2274127
2080399
1966211
2087392
2276805
2095491
2217768
2267605
2074177
2293049
2224208
2174077
2389022
2259988
2218558
2171119
2218714
2218713
2176398
2235307
2338574
2343135
2402686
2357466
2212917
2279418
2366197
2325181
2108749
2151984
2138289
2217866
2408100
2296658
2297189
2403880
2313421
2231119
2355791
2319191
2629763
2556097
2691246
2601816
2628830
2608298
2617361
2636110
2792661
2603059
2699120
2535066
2801457
2532526
2816513
2683092
2505904
2520073
2678296
2552525
2815802
23916037
2781393
2670266
2792558
2587929
2771821
2740507
2815209
2562481
2520069
2657121
2479990
2749370
2784934
2733407
2723169
2657681
2780029
2806001
2501006
2718046
2718039
2655113
2915666
2923734
2917428
2926850
2629898
2929278
2645838
2912760
2643628
2913227
2918627
2776545
2618372
2801092
2493274
2634521
2634520
2910618
2722314
2717008
2616838
2595050
2588100
3226766
3058385
3205929
3206286
3188852
17423143
3168226
2972725
3226991
3206271
3061028
3407686
3402123
3411642
3187979
2902757
3259381
3392064
3363134
3175753
3370095
3135096
3284674
3367414
3221959
3357957
3187697
3357422
3347751
2852512
3388112
2455351
23915809
3338223
3279109
3336728
3400418
3407453
2978039
3417691
3225706
3066881
2980071
3070217
3380581
3231837
3363388
3388095
3381135
3188418
3414094
3041710
3324082
2835791
3453056
3680328
3441388
3671210
3451567
3451566
3655269
3696719
3598678
3615976
3588911
3660081
3684755
2954509
3508849
3612661
3670529
3627737
2951749
3589819
3815969
3574944
3491528
3440653
3681522
3124018
3432664
3563363
3616525
3589588
3577222
3782213
3025951
3778002
3785624
3824067
3808674
3808653
3488659
3762885
3487204
3764577
3715665
3726355
3785554
2871709
3698376
3955669
3084558
3704801
3704800
3705862
3751694
3521536
3940585
3802982
3514180
3525001
3819427
3941146
3808165
3736900
2942797
3945486
3945477
3945474
3008206
3704673
3704672
3962442
3904371
4095476
3841700
4056870
4080054
4055845
4058692
4081882
4081881
4071272
3895859
3875235
2864809
2995783
4047711
4049134
4081872
4081871
4081867
3997920
3978955
4049096
3992340
3992339
3888046
4006039
3882297
3882717
3981669
4002035
4002957
3994856
3967425
3881448
4071223
4024758
4024790
6494475
6393325
6528292
6396843
6478705
6478692
6478691
6478688
6383678
6384252
6505841
6483419
6495033
6467817
6737527
6716516
6475211
6384499
6709155
6371653
6230938
6198165
6582231
6475424
6691790
6488972
6373138
6690849
6334223
6515460
6669371
6227875
6670016
6635932
6617023
6668157
6416090
6634120
6634100
6603137
6876216
6646322
6833320
6623202
6850973
6222488
6302857
6666996
6667592
6643645
6849034
6296757
7140083
7143499
7167826
7179079
6981307
7139222
7105592
6127919
7120943
7177621
7086499
7135069
7123805
7092751
7155689
7200851
29265973
7101365
6977427
7044782
18810101
7102192
7323989
6458029
6179200
6460201
7280826
7242831
7280815
6939433
7204478
6162983
7282450
7249959
6749523
7463534
7282153
7282152
7441290
7443289
7432764
7435071
7216720
7463394
7373679
6766625
7371294
6446156
7394910
6154340
7379615
7273570
6454528
7354356
7361201
7415428
7405401
511883
538538
485791
157533
438850
461337
555705
316503
734864
673369
77380
659474
733279
152178
591529
345933
902530
875096
881155
598072
404401
408108
195255
855123
848852
891306
606513
914568
1014601
978816
1012792
1025860
958686
1275695
1264433
798276
1218022
1228483
1192629
1219817
1153118
127633
1127757
1171319
1121365
1134764
1136244
1136243
804184
1193947
1110414
4437895
4437886
4280796
4280792
4277297
4840071
4813462
4371724
4843929
4772176
4270321
4272591
4731333
4783892
4513541
4708459
4275359
4762817
4265349
4635092
4659837
4483407
4263219
5082458
4261873
4337006
5023626
4668860
4666982
4666979
4942578
5167456
4933304
5578134
5122530
4327951
5111430
4253942
5122978
5120865
5143956
5485794
5472194
5509324
5496641
5421556
5518531
5429940
5377730
5790040
4180704
5746177
5699248
5702905
5702056
4235812
4247804
5239647
5645381
5694345
5640193
5635605
5758749
5631668
5589415
5612115
5589880
4227512
5925019
6004166
5909392
5996117
14313099
14223449
14188880
14181010
14177336
14191260
14166345
14063830
14186091
14141203
14044398
13930713
14058412
13926477
14018161
13847501
14416650
13653983
13611788
13517600
13526947
13378356
13316463
13265900
13174346
13204042
14832891
14806630
18111768
18864734
18122094
20250557
20776831
18741566
19986314
17864435
