30171021
30811266
30887219
30760656
30614840
30451782
30448987
30921207
30771050
30767783
30716122
30326695
30447453
30704535
30696677
30422463
30430192
29940722
30277981
30299485
30203100
30203096
30203034
30202904
29806075
30591227
30578443
30900733
30511178
29767314
29071409
30560034
30517997
30548059
30170144
30149154
30064028
30514048
30595846
29649091
30415666
30474324
30249375
30114542
30071341
30479250
30747696
30008109
30076428
30257296
29945008
30279741
30168760
30210963
30210959
29419715
29071375
29787879
30185004
30185002
30185001
30167741
30186271
30276094
30258823
30060372
29882444
30170393
30142856
29807180
30129318
29357411
29623406
29847416
29356907
29685417
29421977
29747052
30028332
29709750
29678706
30167347
29905430
29981633
29679136
29663146
29430607
29322211
29392289
30069534
30069531
29952989
29924040
28953708
29074467
29550593
29793535
29781783
29578877
29796371
29571167
29712534
29693471
29772857
29672175
29806307
29806306
29696149
29850260
29853785
29086094
29247322
28801863
28258287
29410173
30280076
29750137
29692935
29504820
29499742
29707551
29537960
28823938
29806413
29412065
29402261
29290375
29150315
29431298
28844175
28973104
29191468
28735766
29146435
29086918
28858187
28538596
20736893
29806367
29349095
29310667
29290537
29332029
29076763
28127724
27943230
29107721
29312318
29372136
29279755
29201299
27231834
28547575
28733847
28887282
29151568
29279800
28938147
28800928
28777064
27771900
29323806
28803178
29017495
28981094
28937458
28557903
28817960
28989844
29025606
28807432
29208863
29026669
29264338
28740054
29798565
28893205
28881529
28324212
28116508
28641907
28816871
28816869
29806436
28874967
28646453
28597299
28810608
28810568
28662833
27879575
28373079
28747177
27861250
29798528
28632547
28477991
28409669
28619021
29798647
28567222
28815163
28815159
28815158
28323555
28028789
28330796
29417778
27807778
27807770
27554351
27372945
27334493
27250728
28343026
27459323
27584674
28407019
28323718
28323710
28323709
27830346
28451482
28571219
28694593
28383409
27454538
28294142
28507775
28277467
28840673
27206067
28350952
28350943
26630415
28052039
28243383
27387358
28027506
28101655
28093624
27933476
27928629
28178133
28173564
27542623
28120091
28164114
27832360
27807775
28216750
27508346
26190344
27886879
27886875
28598858
28027145
27978846
28043420
27867025
27816708
28163505
28090452
27437620
27404850
27781189
27592182
28050455
27788683
28010624
27541493
27339484
27553389
27496720
27362771
27343731
27397493
29786365
27250357
27387197
27050883
25348505
27529133
27555919
29786230
27146654
27137153
27058457
27488620
26280588
27600011
29232775
29232774
27504058
27438561
25716661
27556200
27150525
27408503
29786267
23075856
27190734
26994520
27116190
26896762
27347242
27197020
29786299
27070845
27293284
27135451
26872515
26810978
26202101
26112245
25953527
25599849
25217246
26653269
26682598
26536442
27028069
25903942
26929802
26933621
26962417
26536444
26949469
26949452
26835205
26555187
26451663
26571155
27340713
25855667
28556653
26733523
26733521
27828664
26989542
26431072
26230541
27019893
26885223
27047853
27047822
27004188
26708397
26438172
25998181
26660549
26165219
26911124
27022547
26568074
24077416
26494617
26687751
26555841
26502352
26341869
26425158
26425157
26425156
26430591
26542870
26008679
26749738
26435776
26020848
26405006
26512280
26306404
26290091
26284373
26550197
25971847
26225284
25986668
24642054
26502522
26379913
25946722
25943081
26140041
26229171
26021660
28435606
26309652
26097659
26097649
25470243
26414835
25263584
25933705
26091158
24321130
26466479
26021565
25757843
25769251
25393665
25353208
25997042
25576045
25969819
25868104
25868093
25849624
25582580
25596485
25726564
25710414
25706642
25932230
25516448
25481244
25648401
25457338
25842559
25583235
25577601
25245505
25924505
25627918
25568402
25568388
26012933
25688302
26137481
26097844
25685576
26737146
26426292
25593358
25150769
26652869
25384403
25341990
25823125
25823123
25664090
26280721
24974189
25387608
25386720
24816144
25270229
25271071
25404768
24184649
25577916
25320208
25320199
25299207
25107602
24377725
24482031
25245890
25212447
25212446
22907065
24486471
25591299
29539576
25368766
24949903
25108675
25509775
25221477
25289154
25083357
24849661
25741043
23732614
23982115
23828560
24848703
24861084
25207330
24967048
24869983
22576716
24835003
24158740
24091822
24606000
24605999
23736969
25167669
26229805
24525987
24692625
24170266
24549383
24458933
24525312
24723809
24337323
24851149
24384656
25520827
24517217
24359027
24596603
24701500
24653799
24358997
24358996
24338608
24826473
24826470
24796054
25105789
24747622
24557462
25580332
24890141
24762592
25627991
25074170
23412275
24161783
24674682
25013344
24090484
24981908
24981907
24981904
24981902
24981897
24445890
24332321
23669121
23623633
24359173
24018981
24563980
23850337
24292927
23602328
24337550
24121749
24162182
24516049
24090514
23970107
24605744
24136267
23792617
23792614
24113998
24013718
23996046
23689847
23508335
24137306
23381177
24086560
23640802
24101179
23680838
23615381
24284239
24169252
23677637
24003877
23709440
24134030
24063171
23740669
23786951
23468432
23584396
23676860
23269516
23775499
23704968
24707603
23672907
23549820
23879090
23629993
23750428
23568085
23224427
22890568
23259544
23211532
23537449
23369497
23261249
23660312
23547522
23198724
22894570
25105674
24329506
23984142
23970987
23634314
23384868
23924455
23993999
24381453
23440679
23053588
23276357
27927324
24310462
23247444
25694892
23165222
23218637
23296555
23627147
23627145
23627144
23627143
23627142
23627141
23469596
22722921
22674192
22957532
22938553
22391680
23472534
22736023
22395303
23133724
23133723
23117457
23342799
22386901
22669445
23023897
22177925
21982760
21640658
22700890
22844053
22247065
22648026
23012934
22476638
22912513
22706456
22076677
22708016
22482423
22860498
22146278
22146288
22407264
22160173
22385085
22702046
22702045
22781532
22205391
22227107
21762910
20417512
22406532
22737299
22443384
22333930
22523933
21912925
22057820
21558966
21430571
22297474
22577717
22229617
22577498
23268823
24453611
23169137
23009523
22413100
22971486
23394006
23028426
22414472
22437289
22489522
22490284
22352229
21688000
21146818
26064147
22246355
22295497
22229181
21956060
21555124
22356037
22097123
21712086
21892386
22102953
21763230
21245793
21951612
22094033
22094030
21854577
21779855
21404037
21356536
21950895
21547491
21923024
21243508
21892398
21870393
21870392
21870391
21870390
21870389
21259336
21637134
21546332
20693911
21497560
20531068
21079623
21245791
21604529
21604528
21612696
21603733
21853908
20694848
21644092
21485572
22009973
20820179
21426829
21426827
21426826
21221231
21192227
20479700
21492680
21351617
21160398
21068598
21131801
20708338
20967415
20871973
20970741
21226358
20554376
20499114
21462891
20943109
20124914
20938263
20881467
21137293
21063148
21057146
21055214
20704106
20496038
20140731
20359523
20217152
20606547
20075756
20535041
20375855
20701122
20489522
20806752
20024568
20642934
19965607
20421080
20540252
20150832
19953277
20135122
20586156
20486376
20220003
19701654
19669804
19669803
20194345
20349868
20349867
21283533
19435670
20192146
20075769
20345031
20177428
21223831
21190568
19747779
20135967
20193408
20166365
18985350
20065359
19819190
20193548
19910769
19881400
19813020
19829263
19789468
19471946
20428629
19688353
18661132
20104151
19824611
19957838
19865625
19769510
19704275
19350476
19640824
19430781
19718404
19680089
19652569
19652568
22009840
20055303
19635134
19387701
19662480
19634850
19705707
19705705
19705704
19662978
19525832
19595286
19681327
19503666
19486554
26814905
19468683
19509622
19231049
18455897
19411450
22009823
19522404
19232441
19321056
19838371
19388611
19431977
18703794
19277756
19209382
19009303
19233356
19169105
19190433
22009778
19123059
20076862
19281027
19317062
19139662
18768720
18648825
19385573
20023338
19122075
19390224
19127146
19099280
18981984
19037620
18978595
19068601
17904780
18762104
18774020
18575898
19108376
18773806
18628696
18694864
18656750
18580515
18681283
20411136
19108432
18469690
18458594
18711658
18454917
18535682
18377319
18453652
18092159
18344860
18193300
18312076
18277858
18248703
18197111
18509968
17709110
18219186
17621257
18054609
19102259
19102258
20411132
18045516
17566793
17497188
17996773
18065877
17978667
17998129
18069469
18090090
21139793
21139792
21139791
21139790
21139787
21139777
19096554
17990776
17990774
17877265
17879684
17252216
17709860
17570443
17621198
17912669
17572619
17507816
27519889
17534203
17634016
16783550
17436919
17320624
17320622
17304135
17355831
17876116
16427058
17233303
17096930
16741742
17176014
17146302
17146298
17139218
16960661
17077731
17054237
17047546
16985126
17015612
17023866
16985441
16930904
16311061
16915102
16721620
16369833
16501977
16925077
16924864
16850952
16876036
17044284
16778657
16685242
16703901
16770214
16622372
16408237
16582842
16311837
16482411
16374646
16531862
16628510
16541357
16376100
15692827
16619099
16932874
16507542
16429970
16075230
16374406
16306834
16274889
16305086
16189453
16189452
16103853
16103852
15168239
15958214
15977245
15995429
15995107
15980904
15905765
15902632
15613678
15912889
15714305
15803082
15771399
15828481
15796372
15738790
15664606
15538564
15699808
15699801
15682019
15682000
16531694
15573078
15625465
15576113
15615508
15173946
15507806
15363223
15243758
15534413
15280752
15247572
15179446
15291031
15124000
15250254
15167335
15211824
15067096
14531009
15141770
14634854
14996902
14996901
14740183
15016400
14728821
15021137
14688204
14999378
15686638
15054293
14749681
15162877
14633301
14595164
14579017
14710378
14501919
14565757
12859054
12800001
12800000
12709576
12728024
12679673
12671351
12610691
12571479
14569859
12546388
12546385
14528713
12552389
12838473
12658937
12658929
12435978
12234438
17096236
12384750
12394931
12230403
12208060
12391451
12136304
12152376
12048659
12107792
12037711
12045511
12088281
12091034
12056276
12056275
11922458
11940358
11877784
11880835
11874405
11931070
11805684
12557599
12390857
11821830
12903762
11806392
11806391
11766304
11603896
11679817
11586142
11576379
11547211
11835726
11569156
14588330
11389388
11380146
11371788
11337622
11345638
11545148
11224884
11234937
11172655
11276837
11154543
11706721
11153978
11745518
11245529
11208485
11148651
11148647
11148640
11196373
11110936
11154106
11938858
11874680
11132291
11064519
11052349
11052348
11200050
10973401
10831806
10941888
11832121
10963155
10962985
10870138
10969545
10719098
11569054
11569053
11569052
10958422
10851954
10750554
10627321
11217287
10605040
16918206
10643391
10543015
10508185
10502853
10506373
10506370
28246990
28246987
10486011
16918234
10419370
10382245
10337886
10338394
10196163
10094745
10065527
10191746
10101358
10025025
10352744
10664310
10483830
10422022
10421695
10413120
10751128
9921586
9922535
9882920
9763149
9779538
9768894
9726337
9654621
9637621
9594898
9589546
9613210
9549788
9479736
10855284
9876993
9460160
9438809
9477401
9492641
9314518
9362080
9280019
9306207
9278920
9259780
9381211
9340776
9201851
9168711
9160452
9089942
9020209
20470640
9391802
9195265
9010188
8988081
9411170
9255355
9122788
9000810
8948341
8938610
8915042
8893445
8870754
8843403
8753707
8614081
8691698
8845195
8882697
8882686
8852319
8640386
8742203
8742201
8686536
8771353
8724191
8689418
8755403
8915916
9122751
24193445
8541735
7490641
8578386
7474007
8568369
7559709
7502140
7482020
7674069
8623064
7638654
7587674
7711368
7753571
7709492
8525820
7576278
7736828
7600158
8592262
7565475
7997581
7723070
7873842
7708128
7899967
7962022
7809635
8070208
7997927
7973966
7973965
7940092
8009357
8003830
8184353
8178177
8209601
8178611
7847161
7874545
7866859
7866851
7866834
8300651
8169690
7899639
8303445
8278867
8278847
8278838
8235876
8360728
8339471
8362346
8406745
8409634
8367784
8367783
8347972
8516696
8475430
8451940
8097354
8441934
8377050
8446449
1339743
1527112
1520993
1520992
1387824
1498741
1523519
1523490
1606376
1631712
1621154
1537147
1553326
1553331
1553329
1553327
1566185
1566166
1553587
20483081
1615770
1561870
1547646
1732246
1493281
1340932
1787984
1771422
1802165
1838448
1785100
1813240
1807529
2028330
2028328
2028326
2028324
1993728
1927618
1927334
1762000
2003240
2276805
2259988
2218714
2218713
2402686
2212917
2151984
2408100
2231119
2355791
2617361
2636110
2520073
2781393
2520069
2657681
2718039
2655113
2912760
2643628
2913227
2595050
2588100
3226766
3206286
3188852
3226991
3402123
3411642
2902757
3284674
3367414
3388112
2455351
3338223
3066881
3231837
3381135
3041710
3324082
2835791
3453056
3680328
3660081
3491528
3681522
3782213
3824067
3488659
3704800
3819427
3808165
3945477
3945474
3904371
4071272
3875235
3992340
3992339
3981669
6494475
6528292
6478705
6478692
6478691
6478688
6495033
6737527
6716516
6670016
6833320
6850973
6849034
6296757
7179079
7135069
345933
875096
5635605
