30149154
29945011
29945008
29663146
29595401
29479940
29423281
29242977
28937458
28800928
28373079
28291409
28164114
28127724
27922573
27843032
27587526
27496720
27386868
27318057
27250728
27111110
27028069
26957348
26945877
26935460
26895528
26606018
26571178
26571155
26568074
26540597
26536444
26502519
26500233
26431072
26280588
26230541
26224829
26208228
26202101
26097649
26012933
25868093
25868031
25719840
25501699
25366029
25264314
25263584
25212446
25207594
25148171
25144839
25107602
24905395
26455226
24796199
24525116
24477380
24337323
24316293
24292927
24162182
24063171
23850337
23792614
23780532
23775499
23644526
23269516
23219458
23217484
23053751
22907065
22872070
22700890
22576716
22538788
22133619
21982760
21839466
21343317
21293106
20846965
20678217
20642089
20607571
20499114
20349867
20232195
20229119
20091855
20069919
20010394
19829263
19828305
19760437
19723604
19688353
19364678
19277756
19210218
21299186
19099280
18802658
18795235
18552527
18541103
18398779
17905320
17569953
17260116
17252216
17233303
17139218
16871654
16858596
16703901
16681107
16531694
16501977
16395616
16395532
16200048
16087094
16002505
15980904
15958214
15920398
15905767
15637471
15625465
15538564
15480139
15480136
15457363
15454702
15375291
15243758
15162877
15141770
15118884
15103429
15021137
14749196
14648434
14631533
14595164
14531009
14501919
12942845
12905484
12800001
12546386
12499957
12387548
12357061
12241638
11805662
11586142
11535478
10973401
10757680
10643391
10580532
10382245
8988081
8893445
8870754
8915916
8689418
8539054
8568369
7674409
7560047
7837154
7997927
7988313
7825484
7803419
7973968
7973966
8034533
7866851
8303463
8278847
8278838
8235876
8400611
8235811
8339471
8367784
8367783
20058447
8451939
1440022
1527112
1498741
1553587
1553586
1732246
1802165
2003240
2212917
2108749
2505904
2771821
2784934
2657681
3135096
3451567
3698376
3704672
6393325
6634100
7092751
