34516458
36264962
36252916
36256522
36248303
36087455
36261829
36266389
35675133
35606323
36276305
35021912
36254056
36278672
34702756
36262225
36249055
35012693
36247401
36261745
36248007
35642759
36246331
36259587
35490097
33307821
34664117
36264753
36259026
36245097
36274313
36152953
36247393
36150228
33167693
35849887
36271775
36259538
36249911
36236684
36242652
36054955
36254575
36231949
36248116
36266115
36257518
36238288
35346011
36262683
36247314
36254187
36277242
36117046
36246516
36247920
36250870
36036962
36263277
36067030
35620879
34039561
35964222
36267032
36268469
36253921
36251416
36257597
36265208
36254820
36247396
36247043
36271624
35829993
35612517
36274967
36037570
36272580
35597668
36253858
36044236
35892315
36274192
36281275
36081182
35526757
36245333
35580343
36259006
36232100
33581866
35766955
36250689
36261077
36169190
36248304
35373248
36262326
36258745
36282860
36248010
36280877
36252747
36028221
36254747
36257206
36261102
36259483
35445456
35232753
35944446
36265444
36283059
36248309
36267756
36269525
36235780
36253950
36262831
36266993
36235709
36248095
36266923
36280011
35758199
36248710
36280095
36259647
33706634
36229872
36254036
36245610
36249092
36089162
35085390
36235594
35671928
35708886
36231873
36268733
36246192
36257176
34133081
36262865
36272117
36274976
36249747
36274870
36154467
36274177
36249100
36270904
36279313
36116979
36248307
36245747
36272390
36250778
36232271
36240215
36277119
36227807
36282780
36251530
36274172
36276187
36265260
36231344
35623415
36267492
36243760
35058279
36271741
36274532
36252609
36254278
36274298
36248420
36041616
36253081
36235776
36258974
36277788
36262252
35165012
35703253
36277925
36260411
36248407
35191109
36258676
36268704
35822610
36274787
35623944
35794083
36087381
36265526
36252417
36278426
36247748
36259227
35549514
35870805
36263316
36273973
36278349
36274010
36277098
36277913
36269465
33960233
36267589
34665292
34083362
35738544
36248647
36258986
36263132
36275078
34608024
36249094
36274296
36248209
35829868
36247460
35838866
36264350
36283747
36254239
36239999
36259354
35785640
35839616
36261062
36275318
36263151
36277096
36279973
36258673
36251782
36258148
36270881
36150254
36250089
35934526
36249736
36264354
36248366
36250199
36254175
36259446
36057791
36228236
36038357
36246050
36252245
36264754
36227930
36264251
36233220
36267262
36087117
36263668
36260462
36089193
36274013
35961277
36206602
36251872
36266373
36279271
36179536
36246324
36272870
35912752
36272559
36027795
36268547
36194908
36247075
35324485
36179252
36274469
36274888
35932978
36099787
35997501
36271904
36260132
36246957
36264575
36265298
36201772
36249791
36249738
36278401
36123404
36253986
36247202
36269038
35988304
36251562
36270614
36249104
36151445
36073753
36279113
35667214
35088353
36251066
36265432
36278154
35696286
35960753
36276967
36268455
36263090
36269467
36231675
35989476
36259029
36250095
36247185
35989070
36267090
36263454
36231242
36247783
35596697
36251063
36258880
36252247
36228647
36260324
36238241
36235672
36268726
36271405
36249112
35654763
36043474
35396270
36268715
36271933
36264140
35725683
36058762
36259545
36254066
36281119
36253946
36227907
36248877
36267256
36268038
36253442
36251294
36249743
35502561
36271431
36245710
36276290
36265590
36270596
36268156
36276622
36261614
36260353
36283899
36282836
36238470
36254901
36269093
36251355
36257717
36272221
36276315
36273761
36248985
36264022
36272227
36274972
36260150
36257907
36279767
36276326
36262108
35088945
36265887
36262688
36275823
36228244
36263242
36276759
36276324
35892183
36248796
36269515
36268270
36251325
36272638
36271330
36261101
36270758
36259159
35927470
36249069
35913726
36266183
35688782
35616630
36053160
35640891
36273735
36251013
36245817
36262633
36260732
36263203
36247787
36276891
36247656
36229825
36276840
36251526
36283870
36268458
36275342
36260141
36272059
36269621
36270807
36276722
36278345
36254961
36265529
36249767
36279121
36270779
36263523
36270449
36275975
36278687
36279857
36278155
36280647
36279884
36156242
36278514
36275062
36267434
36269125
36276881
36264051
36279766
36259069
36267624
36279123
36266368
36276344
36254039
36280382
36251609
36270937
36270443
36260461
36268989
36249108
36261851
36269755
36257887
36257163
36273594
36282226
36277037
36277493
36279903
36279902
36270407
36260278
36245570
36278778
36278422
36272909
36259216
36273520
36280545
36253237
36255024
36266132
36271656
36062598
35554519
36276418
36276421
36255465
36254594
36280257
36270446
35034064
36268806
36087701
35802348
36279298
36063572
35763310
36251064
36155149
36267210
35659520
36283639
36262514
36249065
36130469
36280758
35904725
36258230
36031902
36274585
35384606
35809162
36253991
36256543
36087456
36270713
34170617
36151483
36271367
36257218
36113402
36000220
36277014
36263138
36274579
36108333
35863761
36232165
36264998
36256660
36227950
36261235
36087457
36268345
36280004
35737287
36257866
36247952
36277914
36067710
36233242
36136234
35725866
35970284
34887350
36252181
36269595
36278224
36270901
35752405
36253969
35672642
36259053
36269424
36276801
36278379
36257568
35868974
35512427
36167526
34232090
36278452
36262512
36116750
36162707
36263810
36240230
36267107
36247074
36251040
36283497
36232588
36278278
35568392
36201787
35042604
35362767
36266630
36088789
36276779
36115170
36182729
36275800
36248948
36260119
36232103
36113377
36273807
36238645
36277790
36269701
36270760
36006624
36261824
36271827
36260059
36277074
36232110
36278196
35773556
36259421
36121557
34346489
36275665
35389057
36174541
36252494
36265394
36235600
36261575
36262869
36275001
35569096
36257464
36281312
36251715
36260964
36277051
36255347
36040618
36267837
36280487
36235862
36255268
36272548
36231349
36248098
35134883
36041731
36276405
35244694
34653261
36272445
36260780
36276084
36271871
36281160
33945337
36280818
36270898
36018259
35970989
36270926
36272640
36267197
36251110
35649308
36247705
36283163
36247448
36231146
36031476
36253115
36260395
36265039
36182551
36049390
36254172
36253866
36054835
36271731
36279828
35931411
36248976
36272549
36260970
36277608
36235547
36260705
36266185
35655390
36252149
36274410
36281550
36231717
36276790
36255105
36267714
36047593
36273121
36152486
34991170
34593625
36278449
36099854
36247926
36284143
35803743
35197197
36249748
36262033
35977113
36263335
35537610
36229774
36263635
34342196
35939976
36087458
34455877
36031173
36017563
36264099
35905816
36253895
35606595
36277313
36257606
36254292
36283862
35129026
36248417
36283196
36260203
36254332
36249045
36087703
36259043
36256518
36252097
36259449
36250472
35988532
35793241
36258855
36235729
36027793
36249634
36231376
36253517
36266088
36263087
36231615
36281101
36277725
36269170
36263524
36248418
35953010
35656837
36253283
36267617
34910216
36253040
35759786
36031417
35616703
36278769
34074167
36245899
35660083
36270899
36264280
36278023
36270533
36254050
36227906
35437124
36280538
35597717
35933600
36264184
36269510
36227855
36283512
36272385
36183476
36263978
31582385
36268209
36251955
36263239
36269552
36276793
36254045
36248987
36249811
36250611
36249222
36257346
35567416
36231075
36231270
36272723
36264930
36075186
36099725
36248308
36278623
34533097
36161401
35946519
35986446
36254060
36027794
36261239
36276410
36263346
35984018
36258003
36245362
35963056
36088710
36259461
35857821
35244324
36273138
35767077
36232828
36231643
36253867
36138294
36252786
36273346
36265719
36268077
36276323
36231450
35841334
36273107
36274678
36267206
36277397
35938280
36278795
36249067
36274256
36114105
36254683
35263739
36243777
36273817
36267764
36263175
35817946
36263594
33715516
35315623
36248913
36229152
36206232
36235859
36246116
36235844
36249862
36271316
36030601
36249997
36231240
36273065
36250293
36276411
36263777
35905006
36179817
34809505
36272378
36268904
36231201
36235639
36261630
36263461
36273985
36247414
36248590
35465847
36249780
36282195
36279703
36264373
35297041
36279808
36277699
36252993
34752620
36271206
36268640
36281141
36261810
36037865
35546472
36248983
36084479
34191399
36245879
35960430
36113312
36272665
36251061
35931402
36267126
36272964
36232159
35946467
36246109
36152406
36264678
36232567
36274510
35353780
36235869
36231508
35803307
36126527
35759177
36249119
36249588
35378535
36248133
36252974
36281129
36148506
35983980
36028187
36068993
36241355
34714161
36283344
36231647
36266639
36253726
36231212
36156450
36277127
36263032
34601975
36044795
36254055
35976634
36257177
36261181
36280612
36264901
35932977
36281624
34511009
36254840
36260418
36247188
36260481
36248353
36112313
36267535
36277543
36278019
36271757
36268211
36256676
36253459
36259780
35430123
36261476
36280190
36270657
36281676
36281096
36268237
35961514
34516460
36209627
36040709
36231213
35999090
36262096
36243876
36229876
36170801
36249930
36278199
36231929
35597372
36263397
36197928
36265521
34515290
36201785
36265547
35819923
36261835
36107740
36276359
36257840
36126410
36261273
36245875
36262518
36264841
36278845
35649239
36250418
36250781
36229786
36250577
36031056
35255799
36263968
36255541
36272958
36269562
36108521
36250998
36254380
36245267
36254351
36269665
36252788
36096244
36273047
36228111
36273978
36267435
36255349
36248296
34693732
36087853
35175433
36255724
36283229
36253999
36064686
36248118
35179326
36239193
33561371
35525832
36263054
36281376
36229831
36245940
36082797
36262259
36247078
36249750
36065635
35393612
36281734
36273726
36278662
36246091
35986625
36277100
36271416
35916355
36250852
36267572
36265721
36276575
34313415
36248170
36261915
36232177
34877924
35523626
35867933
36116421
35732463
36058763
34913626
35987483
36252593
36271374
36251961
36249324
36100530
36258284
36251582
32981375
36264978
36282189
35060689
36256972
35997170
36235778
36263479
35196537
35717326
36259236
36278501
36271706
36245904
36275474
36261746
36165238
36283808
36249239
36262235
36268446
36259852
35942910
36274423
36266098
36184026
36182766
34958449
36249645
35926644
36281187
36267305
36263447
36249241
36252635
36265209
36232135
36250794
36280558
35841473
35165005
36267082
36282343
35659429
36283751
36253206
36274017
34997534
36245376
35764892
36259420
35044055
35189658
35969465
36258775
36258192
36275050
36271646
36274176
36251853
36048409
36232024
36154448
36235610
34058909
36246202
36257926
34941467
36121184
36260550
36030549
36268467
36069242
36267460
35738870
35434908
35034056
36182873
36231221
36247150
35593115
36275009
36268059
36281235
36247144
36261247
36276252
36252605
36250882
36281746
36268143
34951336
35648238
36134586
36254082
36096039
36229799
35968756
36264006
36251651
36281137
35986960
36256615
32574121
36233282
36259788
36274460
36246031
36249794
35678022
36248352
35639806
36260463
36240684
36231453
36282436
35465758
36258888
36274885
34342198
36257149
36264980
36249825
36245519
36281143
36260699
36254000
36278436
36255468
35508746
34472685
36259040
36228570
35768312
36264955
36271852
36047369
36116953
36263113
36256633
36247189
35179325
36282344
36251453
36248332
36276936
36242021
35723079
36277564
36194939
36274094
36163077
36116179
36278148
36256652
36252782
36281861
36253001
36002399
35993418
36251548
36263661
36113309
36256701
36272762
36253795
34569529
36262431
36030630
35794852
36152142
36279686
36270164
36174208
36232748
35143020
36239680
36282554
36242529
36270701
36233238
33589234
36231253
36152443
35352289
36263924
35290455
36195732
35125269
35998838
36248603
35945674
36252876
34487290
36282312
35953337
34914159
36273057
35938273
36253913
36191551
34498997
34854208
33685295
36123192
36247039
36249799
36248465
36231890
35725681
36182824
35880494
36065150
36235832
31422375
35985142
36261109
36087873
36115726
36250284
35667950
36267255
35944288
36273139
36248348
36281664
36267473
36281097
36278891
36262471
33973499
35065803
35829927
35072277
36236737
36272951
35851797
33955297
36037792
36277800
36273925
36254034
36089221
36231947
36231983
36247445
35731335
36058189
36252743
36238475
36253978
35842343
35430959
33685292
36093709
36253173
36232852
36277255
36254013
33977777
36053042
36264357
36263228
35254471
36275796
33942681
35964224
36231779
36069894
36116327
35665566
36279166
35713710
36284042
36273113
34570041
36273159
36232217
36263091
34645961
33895644
36254608
36273388
35926802
36270763
35132625
35973624
36260704
36254378
32677554
36238491
36254661
36223666
36270603
36231336
36269706
36262937
34605989
36248874
36246092
36232038
36260439
35841328
36280158
35705116
36241694
35787341
36254446
36057367
35775138
36108451
36272145
36252410
36273115
35901447
35068253
36028393
36276363
36266641
36260501
36272716
35148652
36231323
36250790
36063950
35581490
33870718
36252567
36247946
35261156
36253787
36263337
36276349
36255380
36260370
36248575
36249038
36257125
36183575
36254054
36256851
36265391
36071641
35945404
36282087
36278780
36253378
36264700
34654646
36229904
36255170
36114712
36240686
36231271
36273676
36272023
35301674
36278735
34428389
36232906
36269659
36280983
36281431
36263128
36255646
36251794
36278195
36265497
36048730
36262941
35732560
36152466
36283990
35763199
35143678
36053748
36237182
35567674
36247922
35257592
36279172
36254081
36255474
36281110
35049061
36282405
36281701
36259247
36235655
35022918
36270605
36249971
36231457
36274288
36007798
36270263
36250517
36253533
35931410
36113354
36235733
36281183
36253037
36251281
36264559
36263226
35961786
36257126
35758202
36162498
35939664
36273009
36006608
36112350
35361627
36233137
35918503
36266996
36254562
36276965
36283949
34309763
36269802
36257007
36246113
36255659
36126406
36231063
36251551
35366180
36282751
36281182
36233208
35445330
35947296
36231532
36269742
36268027
36267366
34706200
36237193
35537611
36269148
36269192
36266549
36249983
35471602
36232010
35858499
36231813
36201547
36274130
33861654
36245884
36246425
36279947
36265531
36257080
36270756
36182811
35604426
36269293
36251546
35323998
36248413
36259007
36243454
35810994
36281200
36002590
36063288
36116548
36253819
36235737
36282809
36253838
36044044
36248375
35641405
36270476
36276953
36282066
36271423
36267431
36278992
36183455
35613970
36152592
35710680
35945894
35171231
34806537
35775738
36084627
36279167
36054372
36250099
36254939
36248612
36231375
36271798
36282979
36231651
36252136
36265270
36283925
36271388
36274126
36260735
36232833
36202039
36266708
36244360
36231338
35988776
36271675
35793012
36274267
36235756
35503883
36231256
36274766
36253594
36131489
36129138
36245731
35568139
34472208
36240157
36257867
36029619
35879132
36254572
35876254
36247233
35898117
35491291
36244990
36231195
35776285
35970256
35775496
36252686
35988219
36269123
36102239
36175184
36266486
36277390
36277191
35332069
36278158
36279155
36006605
35654638
36281092
34216215
36254649
36262830
36282365
35961175
36282336
36180741
36217841
36251553
36260090
36273176
34075490
36251559
36219399
36249215
35431213
35151509
36041284
36253830
36263495
36269710
36267350
36283062
36262921
36259684
36154615
36249056
36275818
36250150
36248137
36087508
36248912
36037729
36232001
36063550
34921214
36281463
36232004
34954741
36282893
36282049
36258020
34895095
36282467
36086808
36263602
34487465
36259890
35049430
36037904
36018233
36270346
36262716
36250813
36272482
36257535
36247855
36284081
36282773
36148916
36253506
35799099
36162309
36233348
35754077
36280928
34000902
36266700
35988597
36248143
36251560
36262637
36209572
36266628
36260095
36057193
36281088
36280839
35290546
36235578
34086158
36278186
35255789
36247447
36253841
36283904
34013810
36249802
36175209
36114054
35841133
36263847
36247436
35999118
35945190
36231365
36283806
35662479
36281081
36277783
36240685
36004808
36208588
36260126
36067859
36049001
36265072
36229820
36281966
34719052
35985587
35858868
36150522
34268910
33960218
36249486
36232145
36280492
36261052
36257576
36281138
35271753
36231147
35306988
36269930
35871173
34342194
36249742
36231235
36269018
34314295
34375545
36279171
35900315
35025775
36264153
34255926
35779986
36268688
35931596
36268954
36259015
36269502
34727998
36254035
36278116
36102340
35468033
36215788
36267588
36272054
36231656
36281222
36241922
36248856
36259065
36283894
36174927
36277916
36271923
33213196
36102562
36264346
36284158
35920747
36266701
36269499
34445900
36029440
36276939
36190336
36029820
36236402
36084567
36250596
36231655
36231415
36232132
36272114
36152591
36257492
36028035
36252674
35994570
36262430
36253540
36249453
35908668
35938272
36231418
36274635
36268979
35932755
36259308
35709856
36179422
35871239
36282618
36017567
36096043
36278273
36269000
36274591
35068190
33729052
36245251
35987230
35933108
36255565
36098521
36231416
36251646
35976509
35297813
34528839
34647710
36276121
36263198
36282817
36231498
34983888
35989655
36231377
36115809
36272755
35863130
35675022
35549938
36261472
36254437
36029039
36260396
35122595
35791885
36277818
36264174
36047713
36229141
36269059
36263385
36262267
36126492
36232065
36267433
36246575
36236418
36262466
35907316
36245730
35434789
35976641
36271873
36191022
36272360
36253977
36263548
36267467
36266195
36249174
36251068
36264315
36261115
36231460
35809233
36282460
36278583
36264665
36236318
36279164
35985901
36269052
34709105
36257164
36281168
36247724
33155859
36275220
35842952
36108418
36231307
36248611
36053819
36087852
36050221
35709645
36258310
35775880
36247793
36256899
36245995
36233046
36054668
33960225
36248845
36269023
34860587
36268393
36111889
32757960
35523614
36277880
36275035
34455880
36251144
36249423
36054374
36273998
36245115
36260094
36256642
36247272
35857035
36096409
36267531
36253255
36007657
34949725
36277937
36242911
36264005
35388634
36259657
36028025
36209843
36231237
36229792
36228907
36277598
35708888
34969073
36278552
36254139
36255476
36243731
36138121
34596749
36030932
36228230
36262147
35940955
35810676
35794393
36116424
36267810
36236784
36235538
36265244
36254072
36236261
36254453
36228294
36266755
36232428
36038390
36231932
35739373
35939233
36269088
36246180
36273725
36250151
36227074
35768054
36257420
35787441
35895164
36058826
36281722
36281707
36253892
36261794
36231985
36058328
36271453
36102147
36255066
36261656
36256910
36254763
36254395
36269935
35131174
36149447
35762934
36270791
35988628
35909248
36100483
36227248
36134592
35230674
36260392
36281189
36255555
36238495
36272179
36276803
35280847
36238472
36264981
36235642
36259267
36277512
36250421
35904997
36241695
35467583
36231555
36084164
36171411
36250486
36130330
36267086
36253475
36268892
36277468
36262777
35989422
36252787
36173503
35311426
36231909
35802780
36283960
36197939
35738959
36263669
36240829
36277883
35236238
35649712
36272725
36253783
36135926
36262332
35864025
36267934
35667609
36278746
35906880
36251623
36261983
36277596
35930001
36001787
36088755
36279291
36265647
36276580
36215867
36267559
36089508
36263218
35319851
36228002
36248692
36276995
32620057
36235176
36117126
36269672
36169404
36261118
35112232
36249181
35667604
35416608
36252154
36270163
36279850
36047644
36242024
35934601
36259047
36254849
36273689
35015245
36258103
36254080
36087854
36253282
35765947
36274457
36248801
36268314
36052737
36029627
36006596
36245993
35987031
36278821
36268633
36276336
36273484
35848948
35899532
36263636
36055500
36270096
34911750
35188044
36231295
35842898
36254557
36267636
36122380
36281057
36253625
36231624
36266999
35904189
36250355
36259310
36049687
36267364
36260157
36115222
36238496
36099412
36238497
36270595
36261844
35902000
36240001
36273508
36253254
36252825
36268576
36248419
35543912
36265014
35595634
36103214
36064305
36256558
36276604
36242046
36282295
36283479
36251756
36246543
36258685
36245196
34989404
36277659
36231217
36167002
36269865
34787006
35676167
36268840
36250212
36249631
36273381
35907707
35341945
36278367
36253440
36272270
36255169
36254447
36257985
35037140
36231546
36251412
36037894
35869630
36229835
36236204
36264411
33685294
36201914
36240196
36263092
36256872
36270822
36231864
36262963
35731011
36273441
36275741
36179551
35932152
36052576
36276780
36156429
36277103
34392784
36274528
36250332
36271208
36274131
36269063
36161340
36262462
36251554
36275789
36029998
36252104
36162301
36278428
36256831
35622294
36269159
36261240
36250969
36280110
35508437
35932153
36280530
36277604
36281144
36266034
36271454
36278836
35871036
35678368
36249771
36257872
36280017
36273685
36259838
36243764
36106505
35907281
36231000
36258660
35920823
35866651
36251310
36272872
36277013
36276430
36255547
36279739
36276855
36272700
36259920
36259529
36270588
35964203
34751592
36248104
36277571
36257508
35431113
35667388
34967293
36283158
36253657
36245823
36251430
35929650
36272168
36268239
36266521
36249084
35778849
36281152
36281156
36063485
35568657
35995030
36250746
35815931
36251549
36278151
36265780
36263012
35659768
34981958
36277510
36229213
36282925
36278382
36254179
35130417
36257472
36229830
36276257
36251454
36273688
35909247
36269593
36264225
35411483
36278995
36273964
36262167
36252142
35987663
36272387
36269100
36255134
36126594
36219610
36251885
36268528
35639805
36088854
36260777
36245131
36191311
36255455
36266382
36278570
36249184
36058033
36262479
36113448
35921732
36251470
36251593
36262008
34903121
34331191
35649556
36280016
36247925
36250326
36249920
36007449
36252461
36251448
36250666
36272932
35738308
36264482
36271223
36245249
36228303
36283873
36260709
36122487
36231595
36161507
36277943
34128704
36276254
34191741
36249953
36273413
36231697
36255726
36264535
36240008
36278328
36263665
36251048
36272579
36271347
36269094
36241248
36240854
36242036
36263386
36274011
36247297
35840156
36268952
36259716
36271222
36280376
36277331
36270052
35895601
34613468
36269297
36264992
36255150
36231679
36271455
36278761
36270714
36273730
36279999
36167689
36266921
36248038
36269726
36266246
36262168
36272822
36233276
36183740
34313018
36245582
36246769
35929015
36281954
36277787
36277805
36268575
34403286
36100233
35920392
36240832
36232368
36251210
36266718
36249895
36276413
36251910
35569729
35986215
35938308
36276182
36275428
36280557
35798218
36273673
36263162
35370077
36278443
36265129
36137844
36278787
36247473
34974930
36248564
36269982
36254371
35611553
36250071
35916907
36100197
36255159
36246342
33107397
36191550
36246252
36264080
36096292
36262951
36264011
36282454
36228007
36235687
36253955
35507144
35688897
36246000
36246917
35999094
36279221
36269460
36263723
36274751
36265863
36264769
36246951
36102574
36231678
36246222
36254127
36245404
36231154
34353141
36258009
36049580
36248754
36265758
36231167
36277322
36184337
35960487
36276898
36275706
36250339
35931843
36260224
36279885
36265684
35964277
35894221
36282396
35578891
35067560
36276778
36238244
36241356
35460182
36274198
36275658
36270882
35831514
35817993
36272222
36259471
36253199
36041653
35900318
36247098
36247841
34842353
36250582
36260172
36245750
36261234
36152373
36257534
36260544
36260379
36279802
36268566
36115713
36277473
36274300
36247399
36253918
36261251
36282614
36112273
36263225
36282224
36254005
36271219
36222056
36263630
36263339
36233212
36278029
36258799
36267409
36276718
36260380
36251612
30065044
36074255
36245321
36283936
36281468
34784621
36273203
35872072
36251356
36252148
36247457
36262156
36279849
36280378
36246101
36264449
34085902
36230934
36279407
36263936
36280215
36279978
36278240
36075878
36273407
36265633
36279910
36037892
36264189
36246867
36243695
35970657
36247388
36247548
36193891
36283753
36262087
35970096
36272588
35820354
36263344
35410897
36001582
36265412
36283859
36281216
36266956
36282131
35767008
36275200
36252996
36281348
36280107
36280121
36156132
36260041
36278162
36278360
36251863
36276504
36282604
36270658
36280889
35709854
36269406
36276159
35147819
36281361
36280573
36278144
36283054
34989095
36245633
36058811
36283609
36258648
36283420
36152912
36075163
36282746
34840308
36263356
36262469
36081310
36115637
36148873
34678050
36235603
36280898
36271636
35970462
36247024
36248981
36273831
36281048
36265885
36260087
36268265
36282193
36272609
36280049
36283484
36280783
36270575
36236404
36266181
36235263
36283652
36066740
36253510
36130141
36283980
36276931
36103050
36267240
36270216
36028188
36279709
36281494
36258032
36246661
36264974
36282442
36251481
35752223
36250967
36253451
36282612
36272968
36254773
36241349
36282075
36254325
36267797
36258779
35065807
36256944
36276286
36281666
36270273
36279077
36234823
36278968
34725467
36262867
36274415
36262414
36247281
36272015
35798923
34857058
36238195
36261959
36265593
36278152
36268221
36264916
36263023
36167694
36270294
36266127
36258936
36271824
35145036
36248435
36232945
36251633
36261831
36263121
36277829
35134473
36273933
36265983
36278527
33969760
36280076
36259726
35922069
34844278
36274980
36238995
36274783
36276076
36174609
36246303
36274859
36260191
36263926
36116503
36232885
36044652
36283654
36275689
36278149
36245296
36232085
36265768
36283340
36270150
36236773
36245209
36052844
36252265
35727486
35844072
36282206
35794810
36281656
36229130
36268343
36248189
36248090
36268508
36280122
36227592
36095957
36274961
36235150
34538290
36262083
36004569
36276639
36275687
34605669
36246609
36277259
35722809
36277535
35781915
36126453
36230993
36152739
36258755
34693761
36279228
35105454
36266629
36282951
35338388
35914344
36283764
36230918
36281308
36233094
35624032
36277412
36265838
36227765
36229744
35870643
36254977
35771657
35608042
36281867
36282899
36247109
36280957
36206655
35998381
36048355
36229147
35938305
36050421
34313903
36055903
36272764
36191318
36239949
36265938
36255365
36257973
36232260
34311556
36267571
36261811
36260985
36275847
35708044
36053161
36235804
36259169
36058782
35914639
36202661
36044940
35914638
36280896
36155958
36155529
35987239
35932448
35862449
35803489
35726477
36247850
36170352
36166332
36053306
36002993
35822490
35700439
35537984
36102113
36058334
36007637
34873813
36271344
36114014
36001776
35821307
35754152
35747941
35671471
35654963
35460212
35092676
36241452
36067989
35864437
34812492
36037893
36248890
36240825
35964764
36113837
35987855
36220696
35863954
35985059
33955283
35904119
35843141
36167190
36038053
36165816
36152922
36182091
35944387
36246888
35706128
36238233
36235682
36232970
35718050
36233172
36200807
36000295
35940869
35298614
33973371
36232785
36231621
36229643
35771046
35094254
35899678
35577104
34243678
35170738
35184884
36137813
36007458
36231527
36184333
36240826
36279145
36261879
36279752
36269398
36269347
36269034
36202050
35135846
36058805
36233052
36236407
35953311
36229160
36229159
35811170
35774019
36283539
