35723895
36297157
35021912
36290317
36288401
35467073
35490097
36313481
36287324
36304523
36310189
36115787
36299943
35606323
35049123
36287098
36285466
36325249
36280877
33745685
36283059
36288998
35642759
36284816
36330514
36292384
34664117
36153776
33618538
36316416
34611831
36306005
36317038
36304237
36152953
36292339
36310014
36288039
35964222
36290071
36310510
36303682
36298502
36288041
36282860
35777731
36304760
36311562
35830876
36312294
36093706
36316854
36300133
36320795
36328344
36314007
36293673
36313752
36304010
36319728
36309195
36307175
36287400
35770793
36289005
36318589
36283747
36280758
36285354
36328350
36312614
36287127
36323600
36283196
36310390
36306133
36311527
36314998
35635125
36284212
36303990
36333100
36302338
36303065
36290474
36324924
36323418
36112913
36312675
35621359
36289991
35797106
36298567
36295065
36291268
36306929
36323483
36181591
36202732
36307303
36293659
36321004
36324709
36305374
36292494
36318229
36289998
36297172
36292089
36282554
36293763
36325531
36304961
35953601
36324374
36311987
36326165
36288003
36291313
36287109
36309067
36319996
36294748
36292488
36315458
36292332
36281119
36285721
36315820
35349676
36283870
35838132
36294377
35737878
34021388
36300684
36317399
36300990
36288040
36310810
36047915
36333171
36290186
36227013
36288012
35194194
35939178
36289701
36308940
36326818
36310547
36089162
36284346
36318528
36318455
36283163
36301246
36297045
36037058
36328141
35781867
36324564
36310417
36313837
36331229
36326867
36297486
36318503
36288577
36327596
35703253
34133081
36304580
36282836
36286211
36330886
36331689
36302283
36289019
36116979
36290564
32871439
36290414
36329564
36307921
36319535
36301407
35666457
36274972
36294658
36319004
36328324
36305918
35947284
36325516
36305780
36331282
36178656
36274172
36311977
35652964
36281312
36289899
35623415
36293052
36294037
36300150
36292039
36308775
36297149
35689800
36324298
34823632
36276344
36306202
36293409
36288047
36318341
36287869
36315158
36283497
36134744
36287138
36330703
36283862
36330084
36312785
36181747
36289949
36292558
36289826
36325392
36295010
36285483
36326694
36332197
36312304
36331504
36325952
36325987
36328249
36295549
36303847
34665292
34083362
36321559
36287975
36333200
36292375
36315624
36307599
36307372
36302643
36303299
36312205
36316909
36313505
35552292
35871179
33678434
34112048
35263481
35815889
36289081
36284810
36322639
36282226
36287359
36333420
36332780
36296956
36000394
36329733
36319814
36311948
36306320
36306668
36300605
36318133
36297244
36299361
36327640
35975304
35960507
36332593
34328397
36301969
36280818
35906754
36288149
36311599
36300147
35961277
36302490
36179536
36300634
36126292
36301590
36283639
36331141
36318883
36322144
36323905
35229471
36285418
36303585
36031048
36284502
36281550
36327585
36305082
36318342
36291885
36325620
36289024
36112202
35508864
35670101
36331615
36281096
36289427
36291441
36293575
36313463
36313946
35229628
36308474
36332318
36326166
36094628
36289964
36313637
36125444
36305079
36288631
36285403
36308622
35930061
36070427
34523380
36301551
36283899
35659520
36302561
36300724
36253946
34841997
36302454
36321050
36309848
36294485
36322891
36310709
36318760
36286346
36318384
35725683
36305138
35318806
36334833
36313867
36315350
36116217
36045258
36292390
36330356
34294418
36322092
36324349
36275975
36304170
36289099
36319606
36294962
36308460
36324264
36305739
36329645
36316004
36331709
36329482
36322637
36303599
36285526
36330865
36328479
36318400
36321993
36301990
35977030
35975800
36316853
36301296
34961346
36324682
36319866
36312583
36305953
36283344
36330502
36332306
36325749
36330085
36287541
36299470
36316358
36324314
36315269
36294547
36316912
36271330
36308849
36162161
36306504
36270758
36292443
36316103
36305951
36283808
36331350
36282189
36312866
36332284
35913726
36331011
36333175
35511256
36289288
35134921
36307479
36313696
36308811
36315017
36302307
36323610
36328382
36302126
36328412
36323061
36331969
36333182
36302159
36332334
36321177
36308482
36328237
36333859
36314050
36314011
36332982
36018055
36300567
36303477
36318421
36310323
36324815
36331702
36325043
36303282
36326645
36329245
36278514
36330503
36285742
36288824
36307588
36330696
36334240
36299695
36322453
36328864
36312701
36285787
36312722
36314953
36305811
36309037
36301280
36334993
36323021
36332952
36331978
36307839
36329293
36321724
36306507
36285923
36305611
36321689
36332155
36331950
36318800
36330719
36329417
36319556
36295019
36315029
36281746
36331091
36323797
36330471
36329395
36316177
36313096
36301729
36058832
36307461
36291395
36307611
36317191
36304041
36284811
36122671
34151694
36332517
36295081
36309337
36283751
36310184
36311941
36283229
36326118
36328357
36281143
34410461
36320045
36316900
36269125
36324119
34739710
36331008
34982974
36301613
36299971
36255347
35912665
35597717
35483575
36325036
36049390
36121177
34039561
36307630
36284743
36297219
36326999
36318397
36297574
36281097
36300916
36333192
36281101
36285842
35976032
35868974
35167676
36294030
36288066
36330583
35894921
36314652
36320206
34398435
36277014
36283512
34887350
35656849
36282780
36285074
36323422
36299566
36269595
36162563
36271367
36316916
36325886
36306390
36315609
36291999
36313005
33775731
36167526
36045562
35034064
36270713
36316183
36319056
36322344
36315396
36312478
36299879
36312726
36297095
36321293
35781020
36310762
36327529
36331136
36333234
36299599
36323640
36316941
36307827
36322089
34989666
36324472
36335024
36263316
36299810
36330835
36307039
36302078
36302631
36324299
36319652
36241168
36287005
33674227
36322973
36317731
34176406
36332759
36285481
36288578
36307813
36293640
36316858
35537594
36294928
36291508
35970989
36319196
36238981
36314851
36334652
35598720
36333729
36324146
36040618
36330494
36270760
36173720
36324244
36294520
36316082
36275665
36298440
36308612
36327334
36320162
36294680
36294933
36331621
36273138
36317025
36294082
36281624
36322300
36304863
36115878
36282344
36291898
36322261
36221406
36323481
36293963
36324983
36331870
36303066
36265298
36310302
36321348
36276405
36317618
35905901
36323182
36307637
35970382
36319015
36282195
35999710
36295601
36182551
36304540
36029201
35932329
36291288
36285156
35287544
35759111
36305011
36302216
36294528
36285976
36332131
35587171
36326983
35649308
35411408
36332555
36219747
36299574
36292117
36281160
36322247
36314510
36308547
36296181
36295099
34593625
36327021
36331947
35803307
36316292
36316100
35904080
36326199
36314383
36288349
36332691
36333526
35769007
36300828
36303220
36320190
36316856
35903949
36334712
36290296
36316290
35641113
36294308
34346489
36300772
36328862
36269701
36312657
36321779
36308344
35656837
36316830
36287183
36334239
36314025
36285095
36301352
36316436
36328303
36289461
35641700
36313706
35645169
36313109
36287106
36331985
36121026
36322246
36314312
36273121
36306924
36295740
36305876
36310447
35447356
36292221
36330134
36332557
36330797
36303972
36285647
34972981
36294756
36315311
36329204
36334503
35939370
31582385
35912813
35703249
36241504
36321972
36322225
36316848
36315392
36333203
36315526
36299320
36313105
36152447
36321286
36305135
35687866
36223400
36294697
35974216
36316879
36314281
35844158
36283990
36324420
36308083
36241963
36327341
36277725
36282336
35577054
36316884
35882673
36332758
36313340
35196892
36317457
36294693
36284331
36256676
35878688
36323417
36321821
34799779
36325976
36314127
36316926
36321278
35963056
36295507
36332940
36302185
36326693
36303860
35938280
36329999
35767077
36281187
36328977
36289392
36321967
36299736
36294389
36325255
36332326
35804246
35817946
35537638
36064937
35080093
36321389
36281137
36334461
36314107
36334108
36317908
36312724
36327126
35872351
36329316
36312218
36307283
36273346
36114663
36298282
36127305
35789996
36294448
35973235
35852428
36317594
36287319
36031417
36205251
36284510
36302940
36327176
36302933
35291014
36311638
36322212
36274256
36328104
36316864
36281129
36313031
36325130
36294545
36308399
36329188
36322289
36323697
36314246
36301001
36318718
36281182
36313770
36325342
36282343
36298367
36315229
36281376
35633074
36138246
36317673
36294374
35083865
36316432
35081741
36320004
36284192
36330654
36289971
36330724
36292493
35771316
36286098
36302558
36331754
36288104
36324439
36333624
36284143
36305198
34346965
36332409
36309442
36319868
36322890
36112157
36303117
36291132
36302467
36325154
36326708
36321261
36328337
36322107
36292435
36292734
36284334
36318524
36333139
35112496
36318674
36113312
36148506
35080191
36303435
36302735
36281235
35809796
36028194
36322620
36277699
36296944
35794304
36008559
36299275
36334995
36317032
36049403
36334373
36297345
36321557
36285760
36306544
36317197
36302325
36277127
35196149
35686725
36310523
35034598
36100530
36286207
36282312
36319558
36300258
36313543
36312310
36285578
36116608
35896860
36334962
36313542
36317593
36006624
34994947
36302378
36302383
36285932
36293770
36300119
36320672
36289699
36150752
36293654
36069167
34799266
36303428
36102225
36209627
35819267
36312816
35999090
35908649
36291500
35840151
36317493
34709093
36125008
36313728
36281463
36303142
36152399
36293307
35187611
36281664
36331174
36299456
36282087
36295791
36324902
36293993
36288366
36328120
35168877
36286206
36281141
35925319
36334072
35544342
36291419
36301257
36323471
36300672
35971008
34969356
36317748
36288374
35691560
36288031
36276359
36208378
36289089
33990388
36281110
36150257
35994183
36315379
36081302
36124354
35964373
36302845
36288485
35175433
36330752
36315470
36281861
36300683
36316605
36295659
36303596
36307749
36311694
36312126
36332876
35263683
36311568
36307459
36297075
36148895
36320316
36306159
36334434
36180814
36310385
36036233
36294015
36300033
36287590
36181336
36302150
35523626
36297034
36313133
35429399
36282618
35869825
36303810
36291518
36320568
36301281
36278845
36322063
36288008
36326179
35410225
36325040
36129662
36288820
36333190
36319891
36293863
36269562
36165141
36333574
36309603
36171173
36294820
36325758
36321969
36151038
36332227
34694594
36321984
36282809
36307275
34877924
35717326
36280928
36271374
36316066
36299236
32981375
36295589
36298423
36058800
35994341
36326774
36332354
36322336
36330632
36292546
36123256
36297357
36325529
36327056
36266185
36197156
36317516
36315261
35940440
35462047
36311522
36329678
36328397
36286280
35570250
35189658
36302371
34027855
36288839
36270701
36326087
36254608
36307612
35932466
35820457
36334879
36324660
36307745
35260989
36316840
36319559
36316824
36122655
36281676
36320897
36330124
36291882
36126799
35971649
36180337
36316729
35450537
35971666
36330667
34856406
36317110
36329255
36286087
36322869
36318437
36322150
36284042
36323240
36328386
36308280
35659429
35725681
36281431
36299817
36326291
35648238
36294264
36315268
36312308
36324652
36326309
36293650
36313227
36138161
36316852
36330773
36240684
36274176
35689780
36327004
36289867
36308820
36292487
36300994
36298402
36303958
36289892
36325446
36069242
36292297
35678022
36331588
36289456
36325766
35652272
36316895
36278891
36317023
36294737
36296998
36301381
36331821
34689426
36320966
36319903
36309646
34591717
36162378
35556166
35384161
35696668
36306635
35343326
36309847
35950998
36291403
36315822
35639552
36324463
36284684
36321366
36294717
35084491
35437664
36321964
36286416
36295871
35768312
36316870
36294196
36228570
36281088
36332945
36290537
36301356
36320644
36309676
36282979
36311895
36317774
35829982
36229556
36291521
36163077
36308894
36269742
36295379
36260550
36331494
36323050
36292314
36315522
36292461
36201961
36293741
36309934
36322108
36330209
36300659
34595697
36300331
36194939
36322083
36287181
36291083
36316953
36328405
36329921
36320671
36311632
36287403
35253335
35716391
36321978
36320650
36283062
35380245
35029515
35354767
36008608
35932469
36089149
36304521
34844460
36304434
36284081
36295037
36321186
36292252
36295865
36289056
36319483
36152142
36315905
36326565
36314782
35848397
35906778
35435114
36288373
36240240
36320675
36301958
35953337
36313777
36129959
36316889
36302574
36324150
36282436
35948478
36281734
35512352
36329897
36281092
36317684
36321787
36316908
36302669
36292292
35266603
36289040
36317184
35867856
36294486
36292017
35841198
36310396
36087873
35040371
35255509
36123255
35862363
36285710
36317325
36290465
36089221
36314560
36319173
36286313
36330100
35285312
33511878
35491475
35938273
35933802
36288789
36287999
36299694
31422375
35349054
34157246
35653368
36269706
35894270
36240686
36334160
36313307
36281701
36273139
36282066
36333537
36102932
36314643
36317163
36318542
36281954
35964224
36334878
36018229
36333148
36311745
36307185
36298623
36293279
36291038
36299333
36108451
36285872
36280839
36312257
36288244
36313458
36283949
36311485
35568325
36320151
36292966
36107536
35000199
36096215
36069934
36049366
36293696
36028322
36313904
36304958
35923081
36307618
36273159
36331799
35987830
35641405
34605989
36309375
36327424
36286601
36318429
36250882
36293403
35358321
36326065
36294043
36302262
36292268
36215867
36312855
35699836
36313683
36292440
36289062
36223666
36305779
36273115
36310669
34853866
35567674
36028393
36307665
36295882
36270763
36301959
35293119
36291609
36332558
36327631
36309777
36324821
36313657
36324479
36269802
36324006
36283925
35068253
36324449
35499982
36335023
34762248
36281081
36334762
35930250
36288579
36276363
36293857
36325259
36325613
35985676
36173721
35787341
36298070
36332779
36293418
36294309
36314416
35916201
36304243
36301215
36291681
36327952
36219891
35386084
36327776
36307591
34821201
36305657
36322487
36325852
36317919
36328891
36282773
36311991
36293721
36197619
36276349
36269710
36325160
36303864
36114989
34817790
36136103
36298254
36329556
36294263
36282049
36299610
36102196
35661298
36281183
36326435
36312714
36282817
36093712
33472759
35022918
34654646
36281138
35680711
36282893
36299561
36309644
36294025
36272023
36281966
36307837
36307752
36297558
36243999
36319751
35999452
36073290
36257125
36048730
34668802
36332619
35023805
36307791
34193026
36205907
35257592
34534982
36007107
35346782
36269659
36303703
36239095
35361627
36323488
34647837
36314888
36300279
36313305
36293161
36294297
36334902
36289816
36298419
36285537
36304027
35122396
36324379
36312196
36282405
36325694
36318626
36323055
36290852
35471602
36318310
36300362
36308861
36326232
36282751
36301914
36289676
36127225
36294107
36307155
36332956
35907110
36287445
36312712
36321282
36310327
35754095
35192442
36173724
35151509
36071683
36330309
36312654
36323987
36291382
36300781
35945397
36291820
36300995
36131111
34478370
36313018
36180813
35858619
36074021
36291905
36269192
36328923
36294881
36330511
36330065
36270756
36273009
36290900
36244964
36309732
36315020
34978520
35840156
36314360
35393359
36117135
36291818
36274130
36311300
36281222
36037729
36287859
35960423
36070217
36269293
36288844
36290083
36285337
36318599
36183455
35166850
36328085
36202039
36298049
36322203
36334852
34628563
36305427
36332443
36152712
36195580
34694543
36299621
36328154
36291215
34429178
36280983
36067486
36282467
35013908
36299250
34694542
35506617
35577306
36321421
36321281
36271388
36326571
36313782
36223128
36326720
36284437
35820393
36062928
35834091
36300661
36301040
36274126
36029619
34937437
36195549
36328831
36297351
35869356
36325453
36292250
36294218
36309716
35491291
36322815
36334288
36294238
36274766
36311623
36324257
36305896
36297113
36062888
36293858
36326018
36175184
33703962
36316857
36243997
36089151
35398190
36303919
36298662
36289534
35945395
36300078
36300474
36294834
36315200
36314640
36334694
36288721
35147480
36323166
36318228
35975324
36223314
36300105
36291809
36312172
35431213
36288640
36240685
36322217
36299995
36291216
36285930
36300001
35816673
35285486
35759070
36325697
36309974
36057021
35513213
36315466
36124885
34895095
36333499
36282365
36150284
36331066
36292308
34633219
36315241
34076148
35921237
35029527
36332128
36154615
34921214
36312189
35192922
36180338
36315979
34657271
36300825
36321501
36305390
36327789
35347975
36318050
36330130
36107210
36299989
36305545
35656730
35253619
36179681
36169345
36270346
36286062
36304117
36333161
36314016
36317375
36190313
36162309
36320071
36313085
35580235
36335037
34968077
36329894
36328114
36283894
36306467
33543500
36067485
36327151
36311587
36334235
35619289
35352476
36308869
36299919
36114054
36329570
36306604
36057193
36293848
36306172
36330142
36117133
36293537
36305078
36334613
36150753
36175209
36305031
36302582
36302580
35852584
34726549
36327594
36319557
36328513
36324348
36324071
35639396
36049001
36320121
35662479
36303932
36327289
36292510
36312269
36303079
36333831
36325924
36207556
36299501
36281216
34651378
36317627
36324621
36293817
36283904
35698266
36279172
36291285
36301904
35932375
36332950
36279171
36309737
35879818
36291684
36325437
36328530
36286015
36318726
36324911
36302577
36308983
35546218
36283806
36307162
36282746
36152386
34946835
36280889
36313500
36320824
36319054
36327123
36332464
36320127
36301602
36316665
36097413
36325257
35952356
36040619
36317027
36312076
35779986
36282604
36318128
35483551
36311761
36318557
36334195
36283859
35613905
34799013
36322248
36293626
36322700
36282454
36303168
35508417
35674973
36282460
36117185
36314233
36281200
36193775
36289823
36255170
36330550
36288112
36296631
35044881
36335069
36100798
36284158
35946417
36291174
36308774
36323076
35319915
35341946
35972713
36327787
36325457
36313987
34137323
34524032
36018621
35490330
35122366
35612917
36332963
36289266
36283753
36281468
36206612
36294153
36244096
36296965
33377420
36322528
36307554
36297026
36285615
34251755
36297137
36317615
36283158
36301878
36037655
36303465
36136794
35971841
36279164
35699872
36193759
36297820
36284307
35068190
36323679
36293682
35848464
35941046
34981970
36315923
36287734
36294232
36301414
36330496
36309725
36310551
35929184
36331080
34596749
35922530
36290825
36049402
36317682
36281048
35938272
36322535
36330536
36303822
36292615
36192299
36298059
36280783
35709856
35451577
36269159
36317700
34780311
35983998
35852916
35863130
36285660
36284276
36291263
36125191
36094696
35298648
35536151
36318252
36286309
36300636
36303315
36310404
36087341
36319030
36313775
35904112
35122595
36316158
36315959
36287052
36294122
36281168
36272755
36271453
36313146
34495833
36289496
36299264
36331706
36294219
36301171
35667604
36287733
36280876
36304697
36005841
35244871
36312457
36316133
36287598
35895839
36303814
35977840
35549938
36312819
36228784
36324552
36048898
36028650
36283936
36285076
36303694
36317111
36311882
36285080
36304143
36332647
36312123
35587593
36292812
36311302
36295609
36108418
36083316
36323811
35446231
36299821
36310574
36318697
36281348
34860587
36284717
34802306
35131174
34591531
36290949
36081355
35793268
36300215
36127176
36283420
36300262
36239403
35899532
36255476
36323789
36319867
35803558
35137677
36309698
36317992
36290840
35165723
36301930
36284988
36311173
35638379
36107000
36331952
36303223
36327682
35709645
36294265
36327680
36302814
36329421
36317324
36040993
36269052
36323863
36319817
36094347
36300239
35815893
36317258
36195056
36281707
36294012
36319005
36281189
34127611
36319033
36318444
36209843
36292438
36322707
36309356
36239092
35980467
36332699
35753027
35815520
35658069
36331993
35811475
36194323
36330535
36277880
36275035
36242911
35383836
35735746
36322093
36302309
36332137
36313382
36165814
36325591
36283609
35916062
35810676
36321622
36292293
35635742
34338080
36327038
36286492
36292779
35286746
36300091
34392617
36312260
36241563
36326202
35904997
36303459
35868292
36265244
36152133
36309799
36310667
36332761
36324184
36304783
35243924
35768054
36324907
36310666
36303235
36309328
36306415
35895164
36006455
36200606
36295493
36323455
36315312
36134568
36318376
36053372
36285325
36317552
36291580
36306511
36315123
36316579
36326786
35964613
36309957
36303876
36318999
36321037
36277468
36173503
36273213
36301944
36314691
36332095
36324370
36288630
36326841
36284535
36292642
36317042
36282193
35787441
36279291
36282131
34742733
35738959
36281722
36319928
36284377
36296463
35696089
36298641
36136999
36321271
36315346
35737018
35754059
36326643
36331582
36308050
36331207
36303857
36314484
36316342
36307731
36039840
36114755
36285391
36323526
36327100
35678196
36293607
36306201
36288819
36301931
36282925
35947466
36307907
36290642
36304987
36329494
36304285
36313035
35476677
36322950
34595608
36331383
36326819
35862283
36285987
35667609
36290892
36281361
36310555
36135926
36314217
35737962
36312287
36309174
36304506
36307795
36293459
36290851
35445534
36307764
35431113
36319897
36282614
36294504
36329911
36314391
36301825
36307502
36320003
36311928
36303892
36320164
36314962
36301274
36299816
36311692
35916108
36320676
34633603
36314365
35765947
36310366
36283960
34151681
36306213
36044345
35585780
36285097
36326772
36300097
36285421
36311936
36303404
36289518
36324069
36256872
36296246
36277883
36190539
36301893
36112369
36283698
36276995
36332645
36308909
36303795
36052545
36296440
36297530
36331873
36281144
36323346
36293806
36287305
36277596
36317686
36167002
36321290
36314363
35189386
36291661
36330735
36309129
36053446
36184352
36081356
34904344
36311309
36321216
36098229
35842898
36047057
36325853
36314251
36324333
36316862
36287186
35091967
36281057
36122867
36179400
36326810
36307165
36322214
36156818
36291835
36115222
34911750
34694592
35502451
36306315
36286762
36332653
34613468
35048478
36201484
35229211
34968082
36228717
36309378
36286629
36286303
35617508
36317033
36285666
36317267
36306506
35912544
36215918
36281152
36281156
35907281
36123233
36283479
36282295
36334110
36326047
36306725
36299594
36305652
36319061
36327917
36287228
35947143
36308093
36293975
36295482
36314338
35105943
36309746
36271208
34757490
36324286
35037140
36321513
34748154
35535458
36108893
35729406
36309055
36321595
36274131
36201914
36250520
36326678
36318595
36308272
36292133
36316515
36325301
35793236
35534732
35194666
36251885
35908266
34560278
36297514
36317287
36295834
36098472
36327318
36329718
36326208
36306466
36330591
36314254
36312950
36287310
36309334
36273381
33685294
35468992
36304043
36284898
35649556
36326908
36289838
36283054
36284381
35969260
36325161
36288171
36303246
36313352
36307769
35995030
36315130
36299079
36063485
35622294
36311304
36287609
36334720
36294816
36292647
36294360
36305692
36318390
36333279
36307563
36293885
35048171
36226716
36307792
36285619
36271454
35488131
35304893
36308440
36302172
36089249
36306238
36332588
36303634
36307768
35920823
36324444
36278428
36082495
36175201
36296214
36292879
36303808
36330893
34826006
36333541
36323914
35987663
36325428
35474390
35723769
35315180
35667388
35411483
36304351
36275741
36278836
36287432
36288829
36334912
35973664
36301973
35904017
36194286
36308435
36291869
36315313
36319586
36304256
36329524
36302572
36277013
36285641
36303613
36286361
36320965
36219610
36288566
36269100
36027721
34626833
36329959
36306959
35760309
36100970
35366040
36327674
36284649
36317681
35950263
36325155
34664199
35081827
35587891
17115184
36329879
36290055
36325847
36324263
36288834
36296910
36302908
36294454
36328939
36317809
36300413
36286283
36327590
36304365
36286390
36311374
36308404
36326535
36228036
36298417
33825676
35466851
36318690
36316027
36330111
36312803
36325452
36221901
36326635
36332627
36317727
35949134
36323129
36036610
36324059
36170560
36318330
35289255
36284926
36286974
36330738
36280376
36288110
36311625
36330634
36243481
36333478
36327216
36316871
36307900
36321449
36329162
36311150
34647832
36161467
36309723
36271347
35583750
36305824
36287761
36284754
36329458
33642212
35878421
36318899
36329231
36312878
36310325
36292520
36294116
36326563
36242712
36325968
35347500
36271455
36270714
36283873
35041756
36205041
36300547
36322100
36314186
36324672
36245012
36314874
35569729
36310428
36331112
36333187
36312201
36292201
36307278
36297100
36287335
36280898
36331288
36269297
36115713
34735199
36331530
36317573
35657482
35709854
35875954
36298422
36250666
36323302
36292727
36285618
36280557
36269726
36318580
36316573
36329468
36320927
36304876
36321704
35994190
36291960
35983639
36284299
36291254
36328936
36321318
36287866
36315952
36226706
36308450
36075405
35507144
36315001
36332005
36324593
36327121
36292214
36280378
36315945
36316460
36327707
36320629
36305355
36137844
36040563
36284226
36307732
36317572
36315571
34694593
36304374
36287444
36294142
34986705
36286809
36302939
36314227
36293015
36333411
36291319
36282612
36308993
36332914
36153817
36319014
36320207
36316923
36308539
35862225
36326115
36315943
36332951
36303984
36331214
36330891
36314967
36329902
36332519
35934195
36314181
36291943
34974930
36269460
36269982
36030531
35332687
36317422
36329473
36283484
36322551
36307652
36305841
36314359
36326285
36040649
36291947
36312311
35701384
36280896
34353141
36329917
36293561
36001820
36290362
36325628
35999094
36292790
36289852
36313648
35314768
36290108
36335008
36285117
36318711
36317496
36288190
36311596
36285958
36295547
36321947
36294356
34874793
35932197
36330112
36312265
36303044
34494106
36283652
36096292
36306577
34941433
35831514
36274762
36274758
36327027
36303004
36289638
36303247
36325430
36222056
36300046
36299268
36224104
36303832
36275706
36282396
36311824
36282075
36152373
36313730
36333214
36324777
36304052
36309066
36292441
36307820
36299979
35801717
36277473
36330092
36275658
36291473
34738488
36323467
36112273
36314018
36297035
36281494
36316574
36316081
36314456
36291545
36286983
36324012
36326959
36227757
34951321
36330916
36330576
30065044
36074255
36297440
36331645
36291904
36329478
36166719
36295976
36273203
36326210
36319021
36328025
35867980
35704044
36310349
36282224
36311939
36316010
36292124
36294316
36292109
36305958
36290691
36328384
36281308
35872072
36318284
36294690
34609924
36313220
33530762
36310506
36320205
36041785
36319116
36331531
36227407
36324739
36319003
36283654
36285452
36293656
35587379
35904447
36326353
36321629
36304839
36328933
36333665
36283340
36301454
36316031
36334315
35781863
36308473
36305994
36333861
36313718
36332081
35947478
36281704
36296979
36109312
36291953
36326380
36288001
36298540
36208584
35975339
36330971
36305663
35218979
36327681
36324582
34516202
36330565
36327459
36328476
36289697
36333459
36291440
36324243
36325925
36325905
35147819
36308475
36330102
36075372
36058811
36307565
36332177
36273831
35080490
36293317
36135350
36295194
36310087
36126638
36305494
36297010
36310914
36314343
36312206
36290952
36028645
36327768
36309134
36297409
36106464
36334835
36107370
36323005
34767179
35640966
36296896
35440279
36325800
36320613
36334330
36306522
36286066
36315354
36081369
36295195
36193802
36317229
36318250
36291586
36282206
36318056
36300647
36302178
36327911
36282442
36286422
36314552
36324128
36321730
36283980
36307592
35689090
36285174
36287437
36300189
36285875
36326801
36293939
36281666
36312809
36332416
36301024
36300397
36333219
36283764
36301965
36241840
36301777
36292387
36331632
36303195
36324149
36071307
36303672
36113591
35353900
34990163
36317790
36306647
36311410
36316073
35796624
36170383
36295968
36289927
36286292
36322098
36296618
36291950
36284839
36286394
36289881
34294021
36313375
34986412
36291127
36302195
36044652
36332495
36291884
36334764
36300739
36252265
35482560
36334924
36326995
35863759
36323284
36327898
35288821
36333042
35233656
36302200
36300248
36310592
36313878
36305308
36320436
36312084
36324786
36329895
36181568
36331811
36177831
35994236
36314872
36313875
36301264
36301695
36301919
36328895
36286308
36281867
36324588
36287205
36328552
36313710
36305791
35938805
36293054
36303098
36181929
36306460
36112158
36330169
34500075
36311024
36281656
36327017
35947479
36316907
36300896
36226709
34637054
36333700
36311956
36321234
36004569
36324934
36308809
35750904
35274443
35722809
36278527
36324964
36309540
36296337
35931885
36307824
36310686
36312470
36300118
36325798
35892225
36310444
36279228
36275689
36282951
35338388
36328317
36324853
36018785
36310300
36280957
36333713
36153580
36307432
36298629
36334083
35624032
36300386
36202936
36333498
36276639
36275687
35870643
35771657
36282899
36334949
36269398
34968080
34968076
36319265
34734367
36335065
36299764
36089525
35934170
36317200
36300488
36297117
36292730
36284320
36325468
36303201
36323703
36321430
36309747
36292967
36292606
36288813
36319683
36308697
34311556
36309490
36307850
36307400
36280295
36311744
36286749
36299452
36303865
26808319
36309702
36298316
36318127
36293125
36244962
35842117
36270944
36320079
36272764
36202661
36044940
36307414
36161993
36069583
35584346
36281663
36281194
36181930
36121467
36111952
36096895
35764530
35390116
34968074
34952936
36200753
36039602
35997023
35218656
35906766
35853577
35939353
36083521
36199229
36056298
34449294
35987855
36002395
35777603
35775731
36220696
35863954
36275847
35801383
34715082
36194140
36108449
34738188
34039069
35716356
35639153
32865437
35771046
36215063
35718050
33938268
35838494
33973371
35689615
35094254
35899678
35577104
34243678
36184333
35064524
36333183
36319578
36291301
36326677
36326626
36292431
36279145
36095092
35583917
36202050
35135846
36058805
35939300
36271344
35953311
35811170
36283539
35774019
35621206