30065044
31422375
31582385
32574121
32620057
32677554
32757960
32981375
33107397
33155859
33167693
33213196
33307821
33561371
33581866
33589234
33685292
33685294
33685295
33706634
33715516
33729052
33861654
33870718
33895644
33942681
33945337
33955283
33955297
33960218
33960225
33960233
33969760
33973371
33973499
33977777
34000902
34013810
34039561
34058909
34074167
34075490
34083362
34085902
34086158
34128704
34133081
34170617
34191399
34191741
34216215
34232090
34243678
34255926
34268910
34309763
34311556
34313018
34313415
34313903
34314295
34331191
34342194
34342196
34342198
34346489
34353141
34375545
34392784
34403286
34428389
34445900
34455877
34455880
34472208
34472685
34487290
34487465
34498997
34511009
34515290
34516458
34516460
34528839
34533097
34538290
34569529
34570041
34593625
34596749
34601975
34605669
34605989
34608024
34645961
34647710
34653261
34654646
34664117
34665292
34678050
34693732
34693761
34702756
34706200
34709105
34714161
34719052
34725467
34727998
34751592
34752620
34784621
34787006
34806537
34809505
34812492
34840308
34842353
34844278
34854208
34857058
34860587
34873813
34877924
34887350
34895095
34903121
34910216
34911750
34913626
34914159
34921214
34941467
34949725
34951336
34954741
34958449
34967293
34969073
34974930
34981958
34983888
34989095
34989404
34991170
34997534
35012693
35015245
35021912
35025775
35034056
35034064
35037140
35042604
35044055
35049061
35049430
35058279
35060689
35065803
35065807
35067560
35068253
35072277
35085390
35088353
35088945
35092676
35094254
35105454
35112232
35122595
35125269
35129026
35130417
35131174
35132625
35134473
35134883
35135846
35143020
35143678
35145036
35147819
35148652
35165005
35165012
35170738
35171231
35175433
35179325
35179326
35184884
35188044
35189658
35191109
35196537
35197197
35230674
35232753
35236238
35244324
35244694
35254471
35255789
35255799
35257592
35261156
35263739
35271753
35280847
35290455
35290546
35297041
35297813
35298614
35301674
35306988
35311426
35315623
35319851
35323998
35324485
35332069
35338388
35341945
35346011
35352289
35353780
35361627
35362767
35366180
35370077
35373248
35378535
35384606
35388634
35389057
35393612
35396270
35410897
35411483
35416608
35430123
35430959
35431213
35434789
35434908
35437124
35445330
35445456
35460182
35460212
35465758
35465847
35467583
35468033
35490097
35491291
35502561
35503883
35507144
35508437
35508746
35512427
35523614
35523626
35525832
35526757
35537610
35537611
35537984
35543912
35546472
35549514
35549938
35554519
35567416
35568139
35568392
35568657
35569096
35569729
35577104
35578891
35580343
35581490
35593115
35595634
35596697
35597372
35597668
35597717
35604426
35606323
35606595
35608042
35611553
35612517
35613970
35616630
35616703
35620879
35622294
35623415
35623944
35624032
35639805
35639806
35640891
35642759
35648238
35649239
35649308
35649712
35654638
35654763
35654963
35655390
35656837
35659429
35659520
35659768
35660083
35662479
35665566
35667214
35667388
35667604
35667609
35667950
35671471
35671928
35672642
35675022
35675133
35676167
35678022
35678368
35688782
35688897
35696286
35700439
35703253
35705116
35706128
35708044
35708886
35708888
35709645
35709854
35709856
35710680
35713710
35717326
35718050
35722809
35723079
35725681
35725683
35725866
35726477
35727486
35731011
35731335
35732463
35732560
35737287
35738308
35738544
35738870
35738959
35739373
35747941
35752223
35752405
35754077
35754152
35758199
35758202
35759177
35759786
35762934
35763199
35763310
35764892
35765947
35766955
35767008
35767077
35768054
35768312
35771657
35773556
35774019
35775138
35775496
35775738
35775880
35776285
35778849
35779986
35781915
35785640
35787341
35787441
35791885
35793012
35793241
35794083
35794393
35794810
35794852
35798218
35798923
35799099
35802348
35802780
35803307
35803489
35803743
35809162
35809233
35810676
35810994
35811170
35815931
35817946
35817993
35819923
35820354
35821307
35822490
35822610
35829868
35829927
35829993
35831514
35838866
35839616
35840156
35841133
35841328
35841334
35841473
35842343
35842898
35842952
35843141
35844072
35848948
35849887
35851797
35857035
35857821
35858499
35858868
35862449
35863761
35863954
35864025
35864437
35866651
35867933
35868974
35869630
35870643
35870805
35871036
35871173
35871239
35872072
35876254
35879132
35880494
35892183
35892315
35894221
35895164
35895601
35898117
35899532
35899678
35900315
35900318
35901447
35902000
35904119
35904189
35904725
35905006
35905816
35906880
35907281
35907316
35907707
35908668
35909247
35909248
35912752
35913726
35914344
35914638
35914639
35916355
35916907
35918503
35920392
35920747
35920823
35921732
35922069
35926644
35926802
35927470
35929015
35929650
35930001
35931402
35931410
35931411
35931596
35931843
35932152
35932153
35932448
35932755
35932977
35932978
35933108
35933600
35934526
35934601
35938272
35938273
35938280
35938305
35938308
35939233
35939664
35939976
35940869
35940955
35942910
35944288
35944387
35944446
35945190
35945404
35945674
35945894
35946467
35946519
35947296
35953010
35953311
35953337
35960430
35960487
35960753
35961175
35961277
35961514
35961786
35963056
35964203
35964222
35964224
35964277
35964764
35968756
35969465
35970096
35970256
35970284
35970462
35970657
35970989
35973624
35976509
35976634
35976641
35977113
35983980
35984018
35985059
35985142
35985587
35985901
35986215
35986446
35986625
35986960
35987031
35987230
35987239
35987483
35987663
35987855
35988219
35988304
35988532
35988597
35988628
35988776
35989070
35989422
35989476
35989655
35993418
35994570
35995030
35997170
35997501
35998381
35998838
35999090
35999094
35999118
36000220
36000295
36001582
36001776
36001787
36002399
36002590
36002993
36004569
36004808
36006596
36006605
36006608
36006624
36007449
36007458
36007637
36007657
36007798
36017563
36017567
36018233
36018259
36027793
36027794
36027795
36028025
36028035
36028187
36028188
36028221
36028393
36029039
36029440
36029619
36029627
36029820
36029998
36030549
36030601
36030630
36030932
36031056
36031173
36031417
36031476
36031902
36036962
36037570
36037792
36037865
36037892
36037893
36037894
36037904
36038053
36038357
36038390
36040618
36040709
36041284
36041616
36041653
36041731
36043474
36044044
36044236
36044652
36044795
36044940
36047369
36047593
36047644
36047713
36048355
36048409
36048730
36049001
36049580
36049687
36050221
36050421
36052576
36052737
36052844
36053042
36053160
36053161
36053306
36053748
36053819
36054372
36054374
36054668
36054835
36054955
36055500
36055903
36057193
36057367
36057791
36058033
36058189
36058328
36058334
36058762
36058763
36058782
36058805
36058811
36058826
36062598
36063288
36063485
36063550
36063572
36063950
36064305
36064686
36065150
36065635
36066740
36067030
36067710
36067859
36067989
36068993
36069242
36069894
36071641
36073753
36074255
36075163
36075186
36075878
36081182
36081310
36082797
36084164
36084479
36084567
36084627
36086808
36087117
36087381
36087455
36087456
36087457
36087458
36087508
36087701
36087703
36087852
36087853
36087854
36087873
36088710
36088755
36088789
36088854
36089162
36089193
36089508
36093709
36095957
36096039
36096043
36096244
36096292
36096409
36098521
36099412
36099725
36099787
36099854
36100197
36100233
36100483
36102113
36102147
36102239
36102340
36102562
36102574
36103050
36103214
36106505
36107740
36108333
36108418
36108451
36108521
36111889
36112273
36112313
36112350
36113309
36113312
36113354
36113377
36113402
36113448
36113837
36114014
36114054
36114105
36114712
36115170
36115222
36115637
36115726
36115809
36116179
36116327
36116421
36116424
36116503
36116548
36116750
36116953
36116979
36117046
36117126
36121184
36121557
36122380
36122487
36123192
36123404
36126406
36126410
36126453
36126492
36126527
36126594
36129138
36130141
36130330
36130469
36131489
36134586
36134592
36135926
36136234
36137813
36137844
36138121
36138294
36148506
36148873
36148916
36149447
36150228
36150254
36150522
36151445
36151483
36152142
36152373
36152406
36152443
36152466
36152486
36152591
36152592
36152739
36152912
36152922
36152953
36154448
36154467
36154615
36155149
36155529
36155958
36156132
36156242
36156429
36156450
36161340
36161401
36161507
36162301
36162309
36162498
36162707
36163077
36165238
36165816
36166332
36167002
36167190
36167526
36167689
36167694
36169190
36169404
36170352
36170801
36171411
36173503
36174208
36174541
36174609
36174927
36175184
36175209
36179252
36179422
36179536
36179551
36179817
36180741
36182091
36182551
36182729
36182766
36182811
36182824
36182873
36183455
36183476
36183575
36183740
36184026
36184333
36184337
36190336
36191022
36191311
36191318
36191550
36191551
36193891
36194908
36194939
36195732
36197928
36197939
36200807
36201547
36201772
36201785
36201787
36201914
36202039
36202050
36202661
36206232
36206602
36206655
36208588
36209572
36209627
36209843
36215788
36217841
36219399
36219610
36220696
36223666
36227074
36227248
36227592
36227765
36227807
36227855
36227906
36227907
36227930
36227950
36228002
36228007
36228111
36228230
36228236
36228244
36228294
36228303
36228570
36228647
36228907
36229130
36229141
36229147
36229152
36229159
36229160
36229213
36229643
36229744
36229774
36229786
36229792
36229799
36229820
36229825
36229830
36229831
36229835
36229872
36229876
36229904
36230918
36230934
36230993
36231000
36231063
36231075
36231146
36231147
36231154
36231167
36231195
36231201
36231212
36231213
36231217
36231221
36231235
36231237
36231240
36231242
36231253
36231256
36231270
36231271
36231295
36231307
36231323
36231336
36231338
36231344
36231349
36231365
36231375
36231376
36231377
36231415
36231416
36231418
36231450
36231453
36231457
36231460
36231498
36231508
36231527
36231532
36231546
36231555
36231595
36231615
36231621
36231624
36231643
36231647
36231651
36231655
36231656
36231675
36231678
36231679
36231697
36231717
36231779
36231813
36231864
36231873
36231890
36231909
36231929
36231932
36231947
36231949
36231983
36231985
36232001
36232004
36232010
36232024
36232038
36232065
36232085
36232100
36232103
36232110
36232132
36232135
36232145
36232159
36232165
36232177
36232217
36232260
36232271
36232368
36232428
36232567
36232588
36232748
36232785
36232828
36232833
36232852
36232885
36232906
36232945
36232970
36233046
36233052
36233094
36233137
36233172
36233208
36233212
36233220
36233238
36233242
36233276
36233282
36233348
36234823
36235150
36235176
36235263
36235538
36235547
36235578
36235594
36235600
36235603
36235610
36235639
36235642
36235655
36235672
36235682
36235687
36235709
36235729
36235733
36235737
36235756
36235776
36235778
36235780
36235804
36235832
36235844
36235859
36235862
36235869
36236204
36236261
36236318
36236402
36236404
36236407
36236418
36236684
36236737
36236773
36236784
36237182
36237193
36238195
36238233
36238241
36238244
36238288
36238470
36238472
36238475
36238491
36238495
36238496
36238497
36238645
36238995
36239193
36239680
36239949
36239999
36240001
36240008
36240157
36240196
36240215
36240230
36240684
36240825
36240826
36240829
36240832
36240854
36241248
36241349
36241355
36241356
36241452
36241694
36241695
36241922
36242021
36242024
36242036
36242046
36242529
36242652
36242911
36243454
36243481
36243695
36243731
36243760
36243764
36243777
36243876
36244360
36244990
36245097
36245115
36245131
36245196
36245209
36245249
36245251
36245267
36245296
36245321
36245333
36245362
36245376
36245404
36245519
36245570
36245582
36245610
36245633
36245710
36245730
36245731
36245747
36245750
36245817
36245823
36245875
36245879
36245884
36245899
36245904
36245940
36245993
36245995
36246000
36246031
36246050
36246091
36246092
36246101
36246109
36246113
36246116
36246180
36246192
36246202
36246222
36246252
36246303
36246324
36246331
36246342
36246425
36246516
36246543
36246575
36246609
36246661
36246769
36246867
36246888
36246917
36246951
36246957
36247024
36247039
36247043
36247074
36247075
36247078
36247098
36247109
36247144
36247150
36247185
36247188
36247189
36247202
36247233
36247272
36247281
36247297
36247314
36247388
36247393
36247396
36247399
36247401
36247414
36247436
36247445
36247447
36247448
36247457
36247460
36247473
36247548
36247656
36247705
36247724
36247748
36247783
36247787
36247793
36247841
36247850
36247855
36247920
36247922
36247925
36247926
36247946
36247952
36248007
36248010
36248038
36248090
36248095
36248098
36248104
36248116
36248118
36248133
36248137
36248143
36248170
36248189
36248209
36248296
36248303
36248304
36248307
36248308
36248309
36248332
36248348
36248352
36248353
36248366
36248375
36248407
36248413
36248417
36248418
36248419
36248420
36248435
36248465
36248564
36248575
36248590
36248603
36248611
36248612
36248647
36248692
36248710
36248754
36248796
36248801
36248845
36248856
36248874
36248877
36248890
36248912
36248913
36248948
36248976
36248981
36248983
36248985
36248987
36249038
36249045
36249055
36249056
36249065
36249067
36249069
36249084
36249092
36249094
36249100
36249104
36249108
36249112
36249119
36249174
36249181
36249184
36249215
36249222
36249239
36249241
36249324
36249423
36249453
36249486
36249588
36249631
36249634
36249645
36249736
36249738
36249742
36249743
36249747
36249748
36249750
36249767
36249771
36249780
36249791
36249794
36249799
36249802
36249811
36249825
36249862
36249895
36249911
36249920
36249930
36249953
36249971
36249983
36249997
36250071
36250089
36250095
36250099
36250150
36250151
36250199
36250212
36250284
36250293
36250326
36250332
36250339
36250355
36250418
36250421
36250472
36250486
36250517
36250577
36250582
36250596
36250611
36250666
36250689
36250746
36250778
36250781
36250790
36250794
36250813
36250852
36250870
36250882
36250967
36250969
36250998
36251013
36251040
36251048
36251061
36251063
36251064
36251066
36251068
36251110
36251144
36251210
36251281
36251294
36251310
36251325
36251355
36251356
36251412
36251416
36251430
36251448
36251453
36251454
36251470
36251481
36251526
36251530
36251546
36251548
36251549
36251551
36251553
36251554
36251559
36251560
36251562
36251582
36251593
36251609
36251612
36251623
36251633
36251646
36251651
36251715
36251756
36251782
36251794
36251853
36251863
36251872
36251885
36251910
36251955
36251961
36252097
36252104
36252136
36252142
36252148
36252149
36252154
36252181
36252245
36252247
36252265
36252410
36252417
36252461
36252494
36252567
36252593
36252605
36252609
36252635
36252674
36252686
36252743
36252747
36252782
36252786
36252787
36252788
36252825
36252876
36252916
36252974
36252993
36252996
36253001
36253037
36253040
36253081
36253115
36253173
36253199
36253206
36253237
36253254
36253255
36253282
36253283
36253378
36253440
36253442
36253451
36253459
36253475
36253506
36253510
36253517
36253533
36253540
36253594
36253625
36253657
36253726
36253783
36253787
36253795
36253819
36253830
36253838
36253841
36253858
36253866
36253867
36253892
36253895
36253913
36253918
36253921
36253946
36253950
36253955
36253969
36253977
36253978
36253986
36253991
36253999
36254000
36254005
36254013
36254034
36254035
36254036
36254039
36254045
36254050
36254054
36254055
36254056
36254060
36254066
36254072
36254080
36254081
36254082
36254127
36254139
36254172
36254175
36254179
36254187
36254239
36254278
36254292
36254325
36254332
36254351
36254371
36254378
36254380
36254395
36254437
36254446
36254447
36254453
36254557
36254562
36254572
36254575
36254594
36254608
36254649
36254661
36254683
36254747
36254763
36254773
36254820
36254840
36254849
36254901
36254939
36254961
36254977
36255024
36255066
36255105
36255134
36255150
36255159
36255169
36255170
36255268
36255347
36255349
36255365
36255380
36255455
36255465
36255468
36255474
36255476
36255541
36255547
36255555
36255565
36255646
36255659
36255724
36255726
36256518
36256522
36256543
36256558
36256615
36256633
36256642
36256652
36256660
36256676
36256701
36256831
36256851
36256872
36256899
36256910
36256944
36256972
36257007
36257080
36257125
36257126
36257149
36257163
36257164
36257176
36257177
36257206
36257218
36257346
36257420
36257464
36257472
36257492
36257508
36257518
36257534
36257535
36257568
36257576
36257597
36257606
36257717
36257840
36257866
36257867
36257872
36257887
36257907
36257926
36257973
36257985
36258003
36258009
36258020
36258032
36258103
36258148
36258192
36258230
36258284
36258310
36258648
36258660
36258673
36258676
36258685
36258745
36258755
36258775
36258779
36258799
36258855
36258880
36258888
36258936
36258974
36258986
36259006
36259007
36259015
36259026
36259029
36259040
36259043
36259047
36259053
36259065
36259069
36259159
36259169
36259216
36259227
36259236
36259247
36259267
36259308
36259310
36259354
36259420
36259421
36259446
36259449
36259461
36259471
36259483
36259529
36259538
36259545
36259587
36259647
36259657
36259684
36259716
36259726
36259780
36259788
36259838
36259852
36259890
36259920
36260041
36260059
36260087
36260090
36260094
36260095
36260119
36260126
36260132
36260141
36260150
36260157
36260172
36260191
36260203
36260224
36260278
36260324
36260353
36260370
36260379
36260380
36260392
36260395
36260396
36260411
36260418
36260439
36260461
36260462
36260463
36260481
36260501
36260544
36260550
36260699
36260704
36260705
36260709
36260732
36260735
36260777
36260780
36260964
36260970
36260985
36261052
36261062
36261077
36261101
36261102
36261109
36261115
36261118
36261181
36261234
36261235
36261239
36261240
36261247
36261251
36261273
36261472
36261476
36261575
36261614
36261630
36261656
36261745
36261746
36261794
36261810
36261811
36261824
36261829
36261831
36261835
36261844
36261851
36261879
36261915
36261959
36261983
36262008
36262033
36262083
36262087
36262096
36262108
36262147
36262156
36262167
36262168
36262225
36262235
36262252
36262259
36262267
36262326
36262332
36262414
36262430
36262431
36262462
36262466
36262469
36262471
36262479
36262512
36262514
36262518
36262633
36262637
36262683
36262688
36262716
36262777
36262830
36262831
36262865
36262867
36262869
36262921
36262937
36262941
36262951
36262963
36263012
36263023
36263032
36263054
36263087
36263090
36263091
36263092
36263113
36263121
36263128
36263132
36263138
36263151
36263162
36263175
36263198
36263203
36263218
36263225
36263226
36263228
36263239
36263242
36263277
36263335
36263337
36263339
36263344
36263346
36263356
36263385
36263386
36263397
36263447
36263454
36263461
36263479
36263495
36263523
36263524
36263548
36263594
36263602
36263630
36263635
36263636
36263661
36263665
36263668
36263669
36263723
36263777
36263810
36263847
36263924
36263926
36263936
36263968
36263978
36264005
36264006
36264011
36264022
36264051
36264080
36264099
36264140
36264153
36264174
36264184
36264189
36264225
36264251
36264280
36264315
36264346
36264350
36264354
36264357
36264373
36264411
36264449
36264482
36264535
36264559
36264575
36264665
36264678
36264700
36264753
36264754
36264769
36264841
36264901
36264916
36264930
36264955
36264962
36264974
36264978
36264980
36264981
36264992
36264998
36265014
36265039
36265072
36265129
36265208
36265209
36265244
36265260
36265270
36265298
36265391
36265394
36265412
36265432
36265444
36265497
36265521
36265526
36265529
36265531
36265547
36265590
36265593
36265633
36265647
36265684
36265719
36265721
36265758
36265768
36265780
36265838
36265863
36265885
36265887
36265938
36265983
36266034
36266088
36266098
36266115
36266127
36266132
36266181
36266183
36266185
36266195
36266246
36266368
36266373
36266382
36266389
36266486
36266521
36266549
36266628
36266629
36266630
36266639
36266641
36266700
36266701
36266708
36266718
36266755
36266921
36266923
36266956
36266993
36266996
36266999
36267032
36267082
36267086
36267090
36267107
36267126
36267197
36267206
36267210
36267240
36267255
36267256
36267262
36267305
36267350
36267364
36267366
36267409
36267431
36267433
36267434
36267435
36267460
36267467
36267473
36267492
36267531
36267535
36267559
36267571
36267572
36267588
36267589
36267617
36267624
36267636
36267714
36267756
36267764
36267797
36267810
36267837
36267934
36268027
36268038
36268059
36268077
36268143
36268156
36268209
36268211
36268221
36268237
36268239
36268265
36268270
36268314
36268343
36268345
36268393
36268446
36268455
36268458
36268467
36268469
36268508
36268528
36268547
36268566
36268575
36268576
36268633
36268640
36268688
36268704
36268715
36268726
36268733
36268806
36268840
36268892
36268904
36268952
36268954
36268979
36268989
36269000
36269018
36269023
36269034
36269038
36269052
36269059
36269063
36269088
36269093
36269094
36269100
36269123
36269125
36269148
36269159
36269170
36269192
36269218
36269293
36269297
36269347
36269398
36269406
36269424
36269460
36269465
36269467
36269499
36269502
36269510
36269515
36269525
36269552
36269562
36269593
36269595
36269621
36269659
36269665
36269672
36269701
36269706
36269710
36269726
36269742
36269755
36269802
36269865
36269930
36269935
36269982
36270052
36270096
36270150
36270163
36270164
36270216
36270263
36270273
36270294
36270346
36270407
36270443
36270446
36270449
36270476
36270533
36270575
36270588
36270595
36270596
36270603
36270605
36270614
36270657
36270658
36270701
36270713
36270714
36270756
36270758
36270760
36270763
36270779
36270791
36270807
36270822
36270881
36270882
36270898
36270899
36270901
36270904
36270926
36270937
36271206
36271208
36271219
36271222
36271223
36271316
36271330
36271344
36271347
36271367
36271374
36271388
36271405
36271416
36271423
36271431
36271453
36271454
36271455
36271624
36271636
36271646
36271656
36271675
36271706
36271731
36271741
36271757
36271775
36271798
36271824
36271827
36271852
36271871
36271873
36271904
36271923
36271933
36272015
36272023
36272054
36272059
36272114
36272117
36272145
36272168
36272179
36272221
36272222
36272227
36272270
36272360
36272378
36272385
36272387
36272390
36272445
36272482
36272548
36272549
36272559
36272579
36272580
36272588
36272609
36272638
36272640
36272665
36272686
36272700
36272716
36272723
36272725
36272755
36272762
36272764
36272822
36272870
36272872
36272909
36272932
36272951
36272958
36272964
36272968
36273009
36273047
36273057
36273065
36273107
36273113
36273115
36273121
36273138
36273139
36273159
36273176
36273203
36273346
36273381
36273388
36273407
36273413
36273441
36273484
36273508
36273520
36273594
36273673
36273676
36273685
36273688
36273689
36273725
36273726
36273730
36273735
36273761
36273789
36273807
36273817
36273831
36273925
36273933
36273964
36273973
36273978
36273985
36273998
36274010
36274011
36274013
36274017
36274094
36274126
36274130
36274131
36274172
36274176
36274177
36274192
36274198
36274256
36274267
36274288
36274296
36274298
36274300
36274313
36274410
36274415
36274423
36274457
36274460
36274469
36274510
36274528
36274532
36274579
36274585
36274591
36274635
36274678
36274751
36274766
36274783
36274787
36274859
36274870
36274885
36274888
36274961
36274967
36274972
36274976
36274980
36275001
36275009
36275035
36275050
36275062
36275078
36275200
36275220
36275318
36275342
36275428
36275474
36275658
36275665
36275687
36275689
36275706
36275741
36275789
36275796
36275800
36275818
36275823
36275847
36275975
36276076
36276084
36276121
36276159
36276182
36276187
36276252
36276254
36276257
36276286
36276290
36276305
36276315
36276323
36276324
36276326
36276336
36276344
36276349
36276359
36276363
36276405
36276410
36276411
36276413
36276418
36276421
36276430
36276504
36276575
36276580
36276604
36276622
36276639
36276718
36276722
36276759
36276778
36276779
36276780
36276790
36276793
36276801
36276803
36276840
36276855
36276881
36276891
36276898
36276931
36276936
36276939
36276953
36276965
36276967
36276995
36277013
36277014
36277037
36277051
36277074
36277096
36277098
36277100
36277103
36277119
36277127
36277191
36277242
36277255
36277259
36277313
36277322
36277331
36277390
36277397
36277412
36277468
36277473
36277493
36277510
36277512
36277535
36277543
36277564
36277571
36277596
36277598
36277604
36277608
36277659
36277699
36277725
36277783
36277787
36277788
36277790
36277800
36277805
36277818
36277829
36277880
36277883
36277913
36277914
36277916
36277925
36277937
36277943
36278019
36278023
36278029
36278116
36278144
36278148
36278149
36278151
36278152
36278154
36278155
36278158
36278162
36278186
36278195
36278196
36278199
36278224
36278240
36278273
36278278
36278328
36278345
36278349
36278360
36278367
36278379
36278382
36278401
36278422
36278426
36278428
36278436
36278443
36278449
36278452
36278501
36278514
36278527
36278552
36278570
36278583
36278623
36278662
36278672
36278687
36278735
36278746
36278761
36278769
36278778
36278780
36278787
36278795
36278821
36278836
36278845
36278891
36278968
36278992
36278995
36279077
36279113
36279121
36279123
36279145
36279155
36279164
36279166
36279167
36279171
36279172
36279221
36279228
36279271
36279291
36279298
36279313
36279407
36279686
36279703
36279709
36279739
36279752
36279766
36279767
36279802
36279808
36279828
36279849
36279850
36279857
36279884
36279885
36279902
36279903
36279910
36279947
36279973
36279978
36279999
36280004
36280011
36280016
36280017
36280049
36280076
36280095
36280107
36280110
36280121
36280122
36280158
36280190
36280215
36280257
36280376
36280378
36280382
36280487
36280492
36280530
36280538
36280545
36280557
36280558
36280573
36280612
36280647
36280758
36280783
36280818
36280839
36280877
36280889
36280896
36280898
36280928
36280957
36280983
36281048
36281057
36281081
36281088
36281092
36281096
36281097
36281101
36281110
36281119
36281129
36281137
36281138
36281141
36281143
36281144
36281152
36281156
36281160
36281168
36281182
36281183
36281187
36281189
36281200
36281216
36281222
36281235
36281275
36281308
36281312
36281348
36281361
36281376
36281431
36281463
36281468
36281494
36281550
36281624
36281656
36281664
36281666
36281676
36281701
36281704
36281707
36281722
36281734
36281746
36281861
36281867
36281954
36281966
36282049
36282066
36282075
36282087
36282131
36282189
36282193
36282195
36282206
36282224
36282226
36282295
36282312
36282336
36282343
36282344
36282365
36282396
36282405
36282436
36282442
36282454
36282460
36282467
36282554
36282604
36282612
36282614
36282618
36282746
36282751
36282773
36282780
36282809
36282817
36282836
36282860
36282893
36282899
36282925
36282951
36282979
36283054
36283059
36283062
36283158
36283163
36283196
36283229
36283340
36283344
36283420
36283479
36283484
36283497
36283512
36283539
36283609
36283639
36283652
36283654
36283747
36283751
36283753
36283764
36283806
36283808
36283859
36283862
36283870
36283873
36283894
36283899
36283904
36283925
36283936
36283949
36283960
36283980
36283990
36284042
36284081
36284143
36284158
