33157986
33158116
33158279
33158290
33160292
33160295
33160351
33160361
33160363
33160386
33160393
33160405
33160413
33160514
33160515
33160609
33160618
33160639
33160642
33160681
33160685
33160690
33160714
33160715
33160748
33160791
33160879
33160883
33160895
33160943
33160961
33160975
33161071
33161072
33161150
33161159
33161168
33161170
33161175
33161195
33161199
33161221
33161237
33161284
33161319
33161324
33161331
33161332
33161333
33161346
33161350
33161394
33161420
33161428
33161429
33161463
33161484
33161499
33161511
33161561
33161568
33161636
33161643
