33153016
33153751
33153914
33154145
33154184
33154203
33154630
33154632
33154647
33154651
33154660
33154723
33154800
33154820
33154823
33154865
33154875
33154876
33154912
33154943
33154972
33154979
33156714
33157522
33157907
33157908
33157910
33157917
33157922
33157928
33157929
33157930
33157933
33157935
33157936
33157943
33157944
33157947
33157948
33157949
33157950
33157951
33157956
33157957
33157958
33157959
33157960
33157966
33157972
33157973
33157976
33157977
33157978
33157980
33157985
33157986
33157988
33157989
33157991
33157992
33157993
33158037
33158071
33158081
33158106
33158116
33158196
33158202
33158241
33158247
33158265
33158279
33158282
33158290
33158409
33158430
33158456
33158487
33158508
33158523
33158541
33158574
33158581
33158587
33158693
33158715
33158718
33158744
33158747
33158748
33158749
33158787
33158795
33158800
33158825
33158835
33158838
33158881
33158940
33159004
33159024
33159200
33159211
33159230
33159243
33159263
33159281
33159295
33159296
33159298
33159304
33159322
33159352
33159359
33159361
33159374
33159379
33159390
33159400
33159430
33159456
33159469
33159509
33159510
33159538
33159616
33159655
33159662
33159705
33159797
33159867
33159917
33159922
33160029
33160056
33160058
33160061
33160094
33160117
33160160
33160191
33160227
33160265
33160289
33160291
