17115184
26808319
30065044
31422375
31582385
32865437
32871439
32981375
33377420
33472759
33511878
33530762
33543500
33618538
33642212
33674227
33678434
33685294
33703962
33745685
33775731
33825676
33938268
33973371
33990388
34021388
34027855
34039069
34039561
34076148
34083362
34112048
34127611
34133081
34137323
34151681
34151694
34157246
34176406
34193026
34243678
34251755
34294021
34294418
34311556
34328397
34338080
34346489
34346965
34353141
34392617
34398435
34410461
34429178
34449294
34478370
34494106
34495833
34500075
34516202
34523380
34524032
34534982
34560278
34591531
34591717
34593625
34595608
34595697
34596749
34605989
34609924
34611831
34613468
34626833
34628563
34633219
34633603
34637054
34647832
34647837
34651378
34654646
34657271
34664117
34664199
34665292
34668802
34689426
34694542
34694543
34694592
34694593
34694594
34709093
34715082
34726549
34734367
34735199
34738188
34738488
34739710
34742733
34748154
34757490
34762248
34767179
34780311
34799013
34799266
34799779
34802306
34817790
34821201
34823632
34826006
34841997
34844460
34853866
34856406
34860587
34874793
34877924
34887350
34895095
34904344
34911750
34921214
34937437
34941433
34946835
34951321
34952936
34961346
34968074
34968076
34968077
34968080
34968082
34969356
34972981
34974930
34978520
34981970
34982974
34986412
34986705
34989666
34990163
34994947
35000199
35013908
35021912
35022918
35023805
35029515
35029527
35034064
35034598
35037140
35040371
35041756
35044881
35048171
35048478
35049123
35064524
35068190
35068253
35080093
35080191
35080490
35081741
35081827
35083865
35084491
35091967
35094254
35105943
35112496
35122366
35122396
35122595
35131174
35134921
35135846
35137677
35147480
35147819
35151509
35165723
35166850
35167676
35168877
35175433
35187611
35189386
35189658
35192442
35192922
35194194
35194666
35196149
35196892
35218656
35218979
35229211
35229471
35229628
35233656
35243924
35244871
35253335
35253619
35255509
35257592
35260989
35263481
35263683
35266603
35274443
35285312
35285486
35286746
35287544
35288821
35289255
35291014
35293119
35298648
35304893
35314768
35315180
35318806
35319915
35332687
35338388
35341946
35343326
35346782
35347500
35347975
35349054
35349676
35352476
35353900
35354767
35358321
35361627
35366040
35380245
35383836
35384161
35386084
35390116
35393359
35398190
35410225
35411408
35411483
35429399
35431113
35431213
35435114
35437664
35440279
35445534
35446231
35447356
35450537
35451577
35462047
35466851
35467073
35468992
35471602
35474390
35476677
35482560
35483551
35483575
35488131
35490097
35490330
35491291
35491475
35499982
35502451
35506617
35507144
35508417
35508864
35511256
35512352
35513213
35523626
35534732
35535458
35536151
35537594
35537638
35544342
35546218
35549938
35552292
35556166
35567674
35568325
35569729
35570250
35577054
35577104
35577306
35580235
35583750
35583917
35584346
35585780
35587171
35587379
35587593
35587891
35597717
35598720
35606323
35612917
35613905
35617508
35619289
35621206
35621359
35622294
35623415
35624032
35633074
35635125
35635742
35638379
35639153
35639396
35639552
35640966
35641113
35641405
35641700
35642759
35645169
35648238
35649308
35649556
35652272
35652964
35653368
35656730
35656837
35656849
35657482
35658069
35659429
35659520
35661298
35662479
35666457
35667388
35667604
35667609
35670101
35674973
35678022
35678196
35680711
35686725
35687866
35689090
35689615
35689780
35689800
35691560
35696089
35696668
35698266
35699836
35699872
35701384
35703249
35703253
35704044
35709645
35709854
35709856
35716356
35716391
35717326
35718050
35722809
35723769
35723895
35725681
35725683
35729406
35735746
35737018
35737878
35737962
35738959
35750904
35753027
35754059
35754095
35759070
35759111
35760309
35764530
35765947
35767077
35768054
35768312
35769007
35770793
35771046
35771316
35771657
35774019
35775731
35777603
35777731
35779986
35781020
35781863
35781867
35787341
35787441
35789996
35793236
35793268
35794304
35796624
35797106
35801383
35801717
35803307
35803558
35804246
35809796
35810676
35811170
35811475
35815520
35815889
35815893
35816673
35817946
35819267
35820393
35820457
35829982
35830876
35831514
35834091
35838132
35838494
35840151
35840156
35841198
35842117
35842898
35844158
35848397
35848464
35852428
35852584
35852916
35853577
35858619
35862225
35862283
35862363
35863130
35863759
35863954
35867856
35867980
35868292
35868974
35869356
35869825
35870643
35871179
35872072
35872351
35875954
35878421
35878688
35879818
35882673
35892225
35894270
35894921
35895164
35895839
35896860
35899532
35899678
35903949
35904017
35904080
35904112
35904447
35904997
35905901
35906754
35906766
35906778
35907110
35907281
35908266
35908649
35912544
35912665
35912813
35913726
35916062
35916108
35916201
35920823
35921237
35922530
35923081
35925319
35929184
35930061
35930250
35931885
35932197
35932329
35932375
35932466
35932469
35933802
35934170
35934195
35938272
35938273
35938280
35938805
35939178
35939300
35939353
35939370
35940440
35941046
35945395
35945397
35946417
35947143
35947284
35947466
35947478
35947479
35948478
35949134
35950263
35950998
35952356
35953311
35953337
35953601
35960423
35960507
35961277
35963056
35964222
35964224
35964373
35964613
35969260
35970382
35970989
35971008
35971649
35971666
35971841
35972713
35973235
35973664
35974216
35975304
35975324
35975339
35975800
35976032
35977030
35977840
35980467
35983639
35983998
35985676
35987663
35987830
35987855
35994183
35994190
35994236
35994341
35995030
35997023
35999090
35999094
35999452
35999710
36000394
36001820
36002395
36004569
36005841
36006455
36006624
36007107
36008559
36008608
36018055
36018229
36018621
36018785
36027721
36028194
36028322
36028393
36028645
36028650
36029201
36029619
36030531
36031048
36031417
36036233
36036610
36037058
36037655
36037729
36039602
36039840
36040563
36040618
36040619
36040649
36040993
36041785
36044345
36044652
36044940
36045258
36045562
36047057
36047915
36048730
36048898
36049001
36049366
36049390
36049402
36049403
36052545
36053372
36053446
36056298
36057021
36057193
36058800
36058805
36058811
36058832
36062888
36062928
36063485
36064937
36067485
36067486
36069167
36069242
36069583
36069934
36070217
36070427
36071307
36071683
36073290
36074021
36074255
36075372
36075405
36081302
36081355
36081356
36081369
36082495
36083316
36083521
36087341
36087873
36089149
36089151
36089162
36089221
36089249
36089525
36093706
36093712
36094347
36094628
36094696
36095092
36096215
36096292
36096895
36097413
36098229
36098472
36100530
36100798
36100970
36102196
36102225
36102932
36106464
36107000
36107210
36107370
36107536
36108418
36108449
36108451
36108893
36109312
36111952
36112157
36112158
36112202
36112273
36112369
36112913
36113312
36113591
36114054
36114663
36114755
36114989
36115222
36115713
36115787
36115878
36116217
36116608
36116979
36117133
36117135
36117185
36121026
36121177
36121467
36122655
36122671
36122867
36123233
36123255
36123256
36124354
36124885
36125008
36125191
36125444
36126292
36126638
36126799
36127176
36127225
36127305
36129662
36129959
36131111
36134568
36134744
36135350
36135926
36136103
36136794
36136999
36137844
36138161
36138246
36148506
36148895
36150257
36150284
36150752
36150753
36151038
36152133
36152142
36152373
36152386
36152399
36152447
36152712
36152953
36153580
36153776
36153817
36154615
36156818
36161467
36161993
36162161
36162309
36162378
36162563
36163077
36165141
36165814
36166719
36167002
36167526
36169345
36170383
36170560
36171173
36173503
36173720
36173721
36173724
36175184
36175201
36175209
36177831
36178656
36179400
36179536
36179681
36180337
36180338
36180813
36180814
36181336
36181568
36181591
36181747
36181929
36181930
36182551
36183455
36184333
36184352
36190313
36190539
36192299
36193759
36193775
36193802
36194140
36194286
36194323
36194939
36195056
36195549
36195580
36197156
36197619
36199229
36200606
36200753
36201484
36201914
36201961
36202039
36202050
36202661
36202732
36202936
36205041
36205251
36205907
36206612
36207556
36208378
36208584
36209627
36209843
36215063
36215867
36215918
36219610
36219747
36219891
36220696
36221406
36221901
36222056
36223128
36223314
36223400
36223666
36224104
36226706
36226709
36226716
36227013
36227407
36227757
36228036
36228570
36228717
36228784
36229556
36238981
36239092
36239095
36239403
36240240
36240684
36240685
36240686
36241168
36241504
36241563
36241840
36241963
36242712
36242911
36243481
36243997
36243999
36244096
36244962
36244964
36245012
36250520
36250666
36250882
36251885
36252265
36253946
36254608
36255170
36255347
36255476
36256676
36256872
36257125
36260550
36263316
36265244
36265298
36266185
36269052
36269100
36269125
36269159
36269192
36269293
36269297
36269398
36269460
36269562
36269595
36269659
36269701
36269706
36269710
36269726
36269742
36269802
36269982
36270346
36270701
36270713
36270714
36270756
36270758
36270760
36270763
36270944
36271208
36271330
36271344
36271347
36271367
36271374
36271388
36271453
36271454
36271455
36272023
36272755
36272764
36273009
36273115
36273121
36273138
36273139
36273159
36273203
36273213
36273346
36273381
36273831
36274126
36274130
36274131
36274172
36274176
36274256
36274758
36274762
36274766
36274972
36275035
36275658
36275665
36275687
36275689
36275706
36275741
36275847
36275975
36276344
36276349
36276359
36276363
36276405
36276639
36276995
36277013
36277014
36277127
36277468
36277473
36277596
36277699
36277725
36277880
36277883
36278428
36278514
36278527
36278836
36278845
36278891
36279145
36279164
36279171
36279172
36279228
36279291
36280295
36280376
36280378
36280557
36280758
36280783
36280818
36280839
36280876
36280877
36280889
36280896
36280898
36280928
36280957
36280983
36281048
36281057
36281081
36281088
36281092
36281096
36281097
36281101
36281110
36281119
36281129
36281137
36281138
36281141
36281143
36281144
36281152
36281156
36281160
36281168
36281182
36281183
36281187
36281189
36281194
36281200
36281216
36281222
36281235
36281308
36281312
36281348
36281361
36281376
36281431
36281463
36281468
36281494
36281550
36281624
36281656
36281663
36281664
36281666
36281676
36281701
36281704
36281707
36281722
36281734
36281746
36281861
36281867
36281954
36281966
36282049
36282066
36282075
36282087
36282131
36282189
36282193
36282195
36282206
36282224
36282226
36282295
36282312
36282336
36282343
36282344
36282365
36282396
36282405
36282436
36282442
36282454
36282460
36282467
36282554
36282604
36282612
36282614
36282618
36282746
36282751
36282773
36282780
36282809
36282817
36282836
36282860
36282893
36282899
36282925
36282951
36282979
36283054
36283059
36283062
36283158
36283163
36283196
36283229
36283340
36283344
36283420
36283479
36283484
36283497
36283512
36283539
36283609
36283639
36283652
36283654
36283698
36283747
36283751
36283753
36283764
36283806
36283808
36283859
36283862
36283870
36283873
36283894
36283899
36283904
36283925
36283936
36283949
36283960
36283980
36283990
36284042
36284081
36284143
36284158
36284192
36284212
36284226
36284276
36284299
36284307
36284320
36284331
36284334
36284346
36284377
36284381
36284437
36284502
36284510
36284535
36284649
36284684
36284717
36284743
36284754
36284810
36284811
36284816
36284839
36284898
36284926
36284988
36285074
36285076
36285080
36285095
36285097
36285117
36285156
36285174
36285325
36285337
36285354
36285391
36285403
36285418
36285421
36285452
36285466
36285481
36285483
36285526
36285537
36285578
36285615
36285618
36285619
36285641
36285647
36285660
36285666
36285710
36285721
36285742
36285760
36285787
36285842
36285872
36285875
36285923
36285930
36285932
36285958
36285976
36285987
36286015
36286062
36286066
36286087
36286098
36286206
36286207
36286211
36286280
36286283
36286292
36286303
36286308
36286309
36286313
36286346
36286361
36286390
36286394
36286416
36286422
36286492
36286601
36286629
36286749
36286762
36286809
36286974
36286983
36287005
36287052
36287098
36287106
36287109
36287127
36287138
36287181
36287183
36287186
36287205
36287228
36287305
36287310
36287319
36287324
36287335
36287359
36287400
36287403
36287432
36287437
36287444
36287445
36287541
36287590
36287598
36287609
36287733
36287734
36287761
36287859
36287866
36287869
36287975
36287999
36288001
36288003
36288008
36288012
36288031
36288039
36288040
36288041
36288047
36288066
36288104
36288110
36288112
36288149
36288171
36288190
36288244
36288349
36288366
36288373
36288374
36288401
36288485
36288566
36288577
36288578
36288579
36288630
36288631
36288640
36288721
36288789
36288813
36288819
36288820
36288824
36288829
36288834
36288839
36288844
36288998
36289005
36289019
36289024
36289040
36289056
36289062
36289081
36289089
36289099
36289266
36289288
36289392
36289427
36289456
36289461
36289496
36289518
36289534
36289638
36289676
36289697
36289699
36289701
36289816
36289823
36289826
36289838
36289852
36289867
36289881
36289892
36289899
36289927
36289949
36289964
36289971
36289991
36289998
36290055
36290071
36290083
36290108
36290186
36290296
36290317
36290362
36290414
36290465
36290474
36290537
36290564
36290642
36290691
36290825
36290840
36290851
36290852
36290892
36290900
36290949
36290952
36291038
36291083
36291127
36291132
36291174
36291215
36291216
36291254
36291263
36291268
36291285
36291288
36291301
36291313
36291319
36291382
36291395
36291403
36291419
36291440
36291441
36291473
36291500
36291508
36291518
36291521
36291545
36291580
36291586
36291609
36291661
36291681
36291684
36291809
36291818
36291820
36291835
36291869
36291882
36291884
36291885
36291898
36291904
36291905
36291943
36291947
36291950
36291953
36291960
36291999
36292017
36292039
36292089
36292109
36292117
36292124
36292133
36292201
36292214
36292221
36292250
36292252
36292268
36292292
36292293
36292297
36292308
36292314
36292332
36292339
36292375
36292384
36292387
36292390
36292431
36292435
36292438
36292440
36292441
36292443
36292461
36292487
36292488
36292493
36292494
36292510
36292520
36292546
36292558
36292606
36292615
36292642
36292647
36292727
36292730
36292734
36292779
36292790
36292812
36292879
36292966
36292967
36293015
36293052
36293054
36293125
36293161
36293279
36293307
36293317
36293403
36293409
36293418
36293459
36293537
36293561
36293575
36293607
36293626
36293640
36293650
36293654
36293656
36293659
36293673
36293682
36293696
36293721
36293741
36293763
36293770
36293806
36293817
36293848
36293857
36293858
36293863
36293885
36293939
36293963
36293975
36293993
36294012
36294015
36294025
36294030
36294037
36294043
36294082
36294107
36294116
36294122
36294142
36294153
36294196
36294218
36294219
36294232
36294238
36294263
36294264
36294265
36294297
36294308
36294309
36294316
36294356
36294360
36294374
36294377
36294389
36294448
36294454
36294485
36294486
36294504
36294520
36294528
36294545
36294547
36294658
36294680
36294690
36294693
36294697
36294717
36294737
36294748
36294756
36294816
36294820
36294834
36294881
36294928
36294933
36294962
36295010
36295019
36295037
36295065
36295081
36295099
36295194
36295195
36295379
36295482
36295493
36295507
36295547
36295549
36295589
36295601
36295609
36295659
36295740
36295791
36295834
36295865
36295871
36295882
36295968
36295976
36296181
36296214
36296246
36296337
36296440
36296463
36296618
36296631
36296896
36296910
36296944
36296956
36296965
36296979
36296998
36297010
36297026
36297034
36297035
36297045
36297075
36297095
36297100
36297113
36297117
36297137
36297149
36297157
36297172
36297219
36297244
36297345
36297351
36297357
36297409
36297440
36297486
36297514
36297530
36297558
36297574
36297820
36298049
36298059
36298070
36298254
36298282
36298316
36298367
36298402
36298417
36298419
36298422
36298423
36298440
36298502
36298540
36298567
36298623
36298629
36298641
36298662
36299079
36299236
36299250
36299264
36299268
36299275
36299320
36299333
36299361
36299452
36299456
36299470
36299501
36299561
36299566
36299574
36299594
36299599
36299610
36299621
36299694
36299695
36299736
36299764
36299810
36299816
36299817
36299821
36299879
36299919
36299943
36299971
36299979
36299989
36299995
36300001
36300033
36300046
36300078
36300091
36300097
36300105
36300118
36300119
36300133
36300147
36300150
36300189
36300215
36300239
36300248
36300258
36300262
36300279
36300331
36300362
36300386
36300397
36300413
36300474
36300488
36300547
36300567
36300605
36300634
36300636
36300647
36300659
36300661
36300672
36300683
36300684
36300724
36300739
36300772
36300781
36300825
36300828
36300896
36300916
36300990
36300994
36300995
36301001
36301024
36301040
36301171
36301215
36301246
36301257
36301264
36301274
36301280
36301281
36301296
36301352
36301356
36301381
36301407
36301414
36301454
36301551
36301590
36301602
36301613
36301695
36301729
36301777
36301825
36301878
36301893
36301904
36301914
36301919
36301930
36301931
36301944
36301958
36301959
36301965
36301969
36301973
36301990
36302078
36302126
36302150
36302159
36302172
36302178
36302185
36302195
36302200
36302216
36302262
36302283
36302307
36302309
36302325
36302338
36302371
36302378
36302383
36302454
36302467
36302490
36302558
36302561
36302572
36302574
36302577
36302580
36302582
36302631
36302643
36302669
36302735
36302814
36302845
36302908
36302933
36302939
36302940
36303004
36303044
36303065
36303066
36303079
36303098
36303117
36303142
36303168
36303195
36303201
36303220
36303223
36303235
36303246
36303247
36303282
36303299
36303315
36303404
36303428
36303435
36303459
36303465
36303477
36303585
36303596
36303599
36303613
36303634
36303672
36303682
36303694
36303703
36303795
36303808
36303810
36303814
36303822
36303832
36303847
36303857
36303860
36303864
36303865
36303876
36303892
36303919
36303932
36303958
36303972
36303984
36303990
36304010
36304027
36304041
36304043
36304052
36304117
36304143
36304170
36304237
36304243
36304256
36304285
36304351
36304365
36304374
36304434
36304506
36304521
36304523
36304540
36304580
36304697
36304760
36304783
36304839
36304863
36304876
36304958
36304961
36304987
36305011
36305031
36305078
36305079
36305082
36305135
36305138
36305198
36305308
36305355
36305374
36305390
36305427
36305494
36305545
36305611
36305652
36305657
36305663
36305692
36305739
36305779
36305780
36305791
36305811
36305824
36305841
36305876
36305896
36305918
36305951
36305953
36305958
36305994
36306005
36306133
36306159
36306172
36306201
36306202
36306213
36306238
36306315
36306320
36306390
36306415
36306460
36306466
36306467
36306504
36306506
36306507
36306511
36306522
36306544
36306577
36306604
36306635
36306647
36306668
36306725
36306924
36306929
36306959
36307039
36307155
36307162
36307165
36307175
36307185
36307275
36307278
36307283
36307303
36307372
36307400
36307414
36307432
36307459
36307461
36307479
36307502
36307554
36307563
36307565
36307588
36307591
36307592
36307599
36307611
36307612
36307618
36307630
36307637
36307652
36307665
36307731
36307732
36307745
36307749
36307752
36307764
36307768
36307769
36307791
36307792
36307795
36307813
36307820
36307824
36307827
36307837
36307839
36307850
36307900
36307907
36307921
36308050
36308083
36308093
36308272
36308280
36308344
36308399
36308404
36308435
36308440
36308450
36308460
36308473
36308474
36308475
36308482
36308539
36308547
36308612
36308622
36308697
36308774
36308775
36308809
36308811
36308820
36308849
36308861
36308869
36308894
36308909
36308940
36308983
36308993
36309037
36309055
36309066
36309067
36309129
36309134
36309174
36309195
36309328
36309334
36309337
36309356
36309375
36309378
36309442
36309490
36309540
36309603
36309644
36309646
36309676
36309698
36309702
36309716
36309723
36309725
36309732
36309737
36309746
36309747
36309777
36309799
36309847
36309848
36309934
36309957
36309974
36310014
36310087
36310184
36310189
36310300
36310302
36310323
36310325
36310327
36310349
36310366
36310385
36310390
36310396
36310404
36310417
36310428
36310444
36310447
36310506
36310510
36310523
36310547
36310551
36310555
36310574
36310592
36310666
36310667
36310669
36310686
36310709
36310762
36310810
36310914
36311024
36311150
36311173
36311300
36311302
36311304
36311309
36311374
36311410
36311485
36311522
36311527
36311562
36311568
36311587
36311596
36311599
36311623
36311625
36311632
36311638
36311692
36311694
36311744
36311745
36311761
36311824
36311882
36311895
36311928
36311936
36311939
36311941
36311948
36311956
36311977
36311987
36311991
36312076
36312084
36312123
36312126
36312172
36312189
36312196
36312201
36312205
36312206
36312218
36312257
36312260
36312265
36312269
36312287
36312294
36312304
36312308
36312310
36312311
36312457
36312470
36312478
36312583
36312614
36312654
36312657
36312675
36312701
36312712
36312714
36312722
36312724
36312726
36312785
36312803
36312809
36312816
36312819
36312855
36312866
36312878
36312950
36313005
36313018
36313031
36313035
36313085
36313096
36313105
36313109
36313133
36313146
36313220
36313227
36313305
36313307
36313340
36313352
36313375
36313382
36313458
36313463
36313481
36313500
36313505
36313542
36313543
36313637
36313648
36313657
36313683
36313696
36313706
36313710
36313718
36313728
36313730
36313752
36313770
36313775
36313777
36313782
36313837
36313867
36313875
36313878
36313904
36313946
36313987
36314007
36314011
36314016
36314018
36314025
36314050
36314107
36314127
36314181
36314186
36314217
36314227
36314233
36314246
36314251
36314254
36314281
36314312
36314338
36314343
36314359
36314360
36314363
36314365
36314383
36314391
36314416
36314456
36314484
36314510
36314552
36314560
36314640
36314643
36314652
36314691
36314782
36314851
36314872
36314874
36314888
36314953
36314962
36314967
36314998
36315001
36315017
36315020
36315029
36315123
36315130
36315158
36315200
36315229
36315241
36315261
36315268
36315269
36315311
36315312
36315313
36315346
36315350
36315354
36315379
36315392
36315396
36315458
36315466
36315470
36315522
36315526
36315571
36315609
36315624
36315820
36315822
36315905
36315923
36315943
36315945
36315952
36315959
36315979
36316004
36316010
36316027
36316031
36316066
36316073
36316081
36316082
36316100
36316103
36316133
36316158
36316177
36316183
36316290
36316292
36316342
36316358
36316416
36316432
36316436
36316460
36316515
36316573
36316574
36316579
36316605
36316665
36316729
36316824
36316830
36316840
36316848
36316852
36316853
36316854
36316856
36316857
36316858
36316862
36316864
36316870
36316871
36316879
36316884
36316889
36316895
36316900
36316907
36316908
36316909
36316912
36316916
36316923
36316926
36316941
36316953
36317023
36317025
36317027
36317032
36317033
36317038
36317042
36317110
36317111
36317163
36317184
36317191
36317197
36317200
36317229
36317258
36317267
36317287
36317324
36317325
36317375
36317399
36317422
36317457
36317493
36317496
36317516
36317552
36317572
36317573
36317593
36317594
36317615
36317618
36317627
36317673
36317681
36317682
36317684
36317686
36317700
36317727
36317731
36317748
36317774
36317790
36317809
36317908
36317919
36317992
36318050
36318056
36318127
36318128
36318133
36318228
36318229
36318250
36318252
36318284
36318310
36318330
36318341
36318342
36318376
36318384
36318390
36318397
36318400
36318421
36318429
36318437
36318444
36318455
36318503
36318524
36318528
36318542
36318557
36318580
36318589
36318595
36318599
36318626
36318674
36318690
36318697
36318711
36318718
36318726
36318760
36318800
36318883
36318899
36318999
36319003
36319004
36319005
36319014
36319015
36319021
36319030
36319033
36319054
36319056
36319061
36319116
36319173
36319196
36319265
36319483
36319535
36319556
36319557
36319558
36319559
36319578
36319586
36319606
36319652
36319683
36319728
36319751
36319814
36319817
36319866
36319867
36319868
36319891
36319897
36319903
36319928
36319996
36320003
36320004
36320045
36320071
36320079
36320121
36320127
36320151
36320162
36320164
36320190
36320205
36320206
36320207
36320316
36320436
36320568
36320613
36320629
36320644
36320650
36320671
36320672
36320675
36320676
36320795
36320824
36320897
36320927
36320965
36320966
36321004
36321037
36321050
36321177
36321186
36321216
36321234
36321261
36321271
36321278
36321281
36321282
36321286
36321290
36321293
36321318
36321348
36321366
36321389
36321421
36321430
36321449
36321501
36321513
36321557
36321559
36321595
36321622
36321629
36321689
36321704
36321724
36321730
36321779
36321787
36321821
36321947
36321964
36321967
36321969
36321972
36321978
36321984
36321993
36322063
36322083
36322089
36322092
36322093
36322098
36322100
36322107
36322108
36322144
36322150
36322203
36322212
36322214
36322217
36322225
36322246
36322247
36322248
36322261
36322289
36322300
36322336
36322344
36322453
36322487
36322528
36322535
36322551
36322620
36322637
36322639
36322700
36322707
36322815
36322869
36322890
36322891
36322950
36322973
36323005
36323021
36323050
36323055
36323061
36323076
36323129
36323166
36323182
36323240
36323284
36323302
36323346
36323417
36323418
36323422
36323455
36323467
36323471
36323481
36323483
36323488
36323526
36323600
36323610
36323640
36323679
36323697
36323703
36323789
36323797
36323811
36323863
36323905
36323914
36323987
36324006
36324012
36324059
36324069
36324071
36324119
36324128
36324146
36324149
36324150
36324184
36324243
36324244
36324257
36324263
36324264
36324286
36324298
36324299
36324314
36324333
36324348
36324349
36324370
36324374
36324379
36324420
36324439
36324444
36324449
36324463
36324472
36324479
36324552
36324564
36324582
36324588
36324593
36324621
36324652
36324660
36324672
36324682
36324709
36324739
36324777
36324786
36324815
36324821
36324853
36324902
36324907
36324911
36324924
36324934
36324964
36324983
36325036
36325040
36325043
36325130
36325154
36325155
36325160
36325161
36325249
36325255
36325257
36325259
36325301
36325342
36325392
36325428
36325430
36325437
36325446
36325452
36325453
36325457
36325468
36325516
36325529
36325531
36325591
36325613
36325620
36325628
36325694
36325697
36325749
36325758
36325766
36325798
36325800
36325847
36325852
36325853
36325886
36325905
36325924
36325925
36325952
36325968
36325976
36325987
36326018
36326047
36326065
36326087
36326115
36326118
36326165
36326166
36326179
36326199
36326202
36326208
36326210
36326232
36326285
36326291
36326309
36326353
36326380
36326435
36326535
36326563
36326565
36326571
36326626
36326635
36326643
36326645
36326677
36326678
36326693
36326694
36326708
36326720
36326772
36326774
36326786
36326801
36326810
36326818
36326819
36326841
36326867
36326908
36326959
36326983
36326995
36326999
36327004
36327017
36327021
36327027
36327038
36327056
36327100
36327121
36327123
36327126
36327151
36327176
36327216
36327289
36327318
36327334
36327341
36327424
36327459
36327529
36327585
36327590
36327594
36327596
36327631
36327640
36327674
36327680
36327681
36327682
36327707
36327768
36327776
36327787
36327789
36327898
36327911
36327917
36327952
36328025
36328085
36328104
36328114
36328120
36328141
36328154
36328237
36328249
36328303
36328317
36328324
36328337
36328344
36328350
36328357
36328382
36328384
36328386
36328397
36328405
36328412
36328476
36328479
36328513
36328530
36328552
36328831
36328862
36328864
36328891
36328895
36328923
36328933
36328936
36328939
36328977
36329162
36329188
36329204
36329231
36329245
36329255
36329293
36329316
36329395
36329417
36329421
36329458
36329468
36329473
36329478
36329482
36329494
36329524
36329556
36329564
36329570
36329645
36329678
36329718
36329733
36329879
36329894
36329895
36329897
36329902
36329911
36329917
36329921
36329959
36329999
36330065
36330084
36330085
36330092
36330100
36330102
36330111
36330112
36330124
36330130
36330134
36330142
36330169
36330209
36330309
36330356
36330471
36330494
36330496
36330502
36330503
36330511
36330514
36330535
36330536
36330550
36330565
36330576
36330583
36330591
36330632
36330634
36330654
36330667
36330696
36330703
36330719
36330724
36330735
36330738
36330752
36330773
36330797
36330835
36330865
36330886
36330891
36330893
36330916
36330971
36331008
36331011
36331066
36331080
36331091
36331112
36331136
36331141
36331174
36331207
36331214
36331229
36331282
36331288
36331350
36331383
36331494
36331504
36331530
36331531
36331582
36331588
36331615
36331621
36331632
36331645
36331689
36331702
36331706
36331709
36331754
36331799
36331811
36331821
36331870
36331873
36331947
36331950
36331952
36331969
36331978
36331985
36331993
36332005
36332081
36332095
36332128
36332131
36332137
36332155
36332177
36332197
36332227
36332284
36332306
36332318
36332326
36332334
36332354
36332409
36332416
36332443
36332464
36332495
36332517
36332519
36332555
36332557
36332558
36332588
36332593
36332619
36332627
36332645
36332647
36332653
36332691
36332699
36332758
36332759
36332761
36332779
36332780
36332876
36332914
36332940
36332945
36332950
36332951
36332952
36332956
36332963
36332982
36333042
36333100
36333139
36333148
36333161
36333171
36333175
36333182
36333183
36333187
36333190
36333192
36333200
36333203
36333214
36333219
36333234
36333279
36333411
36333420
36333459
36333478
36333498
36333499
36333526
36333537
36333541
36333574
36333624
36333665
36333700
36333713
36333729
36333831
36333859
36333861
36334072
36334083
36334108
36334110
36334160
36334195
36334235
36334239
36334240
36334288
36334315
36334330
36334373
36334434
36334461
36334503
36334613
36334652
36334694
36334712
36334720
36334762
36334764
36334833
36334835
36334852
36334878
36334879
36334902
36334912
36334924
36334949
36334962
36334993
36334995
36335008
36335023
36335024
36335037
36335065
36335069
